,depth,gr,d_res,s_res,den,vp
688,104.8512,88.3808,1.8857,1.5156,1.7741,1.9302
689,105.0036,93.2704,1.918,1.8145,1.8627,1.9302
690,105.156,91.4455,1.9863,2.3398,1.9281,1.9302
691,105.3084,92.4953,2.0645,2.832,1.9853,1.9302
692,105.4608,89.8178,2.1426,2.8633,1.9636,1.9302
693,105.6132,88.007,2.2051,2.5488,1.9414,1.9302
694,105.7656,89.3577,2.2227,2.2363,1.8847,1.9302
695,105.918,90.5789,2.2051,2.0605,1.8198,1.9302
696,106.0704,94.9255,2.1699,2.0391,1.7539,1.9302
697,106.2228,92.0213,2.1348,2.1387,1.7168,1.9302
698,106.3752,95.1049,2.1094,2.2871,1.7236,1.9302
699,106.5276,95.8699,2.1035,2.4121,1.8068,1.9492
700,106.68,97.6834,2.1152,2.457,1.9172,1.9517
701,106.8324,95.5997,2.1328,2.4102,2.0142,1.938
702,106.9848,96.4613,2.1543,2.3281,1.9879,1.9346
703,107.1372,96.628,2.1758,2.2695,1.9344,1.9346
704,107.28960000000001,97.8314,2.1914,2.2559,1.8925,1.9137
705,107.44200000000001,93.255,2.1953,2.2773,1.8669,1.9125
706,107.59440000000001,91.2823,2.1953,2.3184,1.8234,1.9215
707,107.74680000000001,91.6502,2.1816,2.3496,1.7883,1.9137
708,107.89920000000001,95.6352,2.1758,2.3535,1.764,1.9143
709,108.05160000000001,96.8372,2.1719,2.3379,1.7506,1.9149
710,108.20400000000001,92.6874,2.1699,2.3164,1.7444,1.9095
711,108.35640000000001,88.9732,2.1738,2.3027,1.7807,1.9203
712,108.50880000000001,88.6879,2.1875,2.3027,1.8911,1.9245
713,108.66120000000001,90.1444,2.1992,2.3184,2.0262,1.93
714,108.81360000000001,90.7535,2.207,2.3359,2.1536,1.9368
715,108.96600000000001,90.3495,2.2109,2.3398,2.1908,1.9526
716,109.11840000000001,89.7897,2.2148,2.334,2.2132,1.9448
717,109.27080000000001,91.5892,2.209,2.3184,2.1959,1.9426
718,109.42320000000001,93.0879,2.207,2.3027,2.1834,1.9389
719,109.57560000000001,93.7301,2.2129,2.2949,2.1837,1.9355
720,109.72800000000001,92.8146,2.2148,2.2949,2.1831,1.9167
721,109.88040000000001,92.5434,2.2109,2.2969,2.1709,1.9137
722,110.03280000000001,91.3629,2.207,2.3008,2.1565,1.9185
723,110.18520000000001,91.4292,2.2188,2.3086,2.1712,1.8988
724,110.33760000000001,91.3076,2.2168,2.3164,2.1879,1.9095
725,110.49000000000001,90.1784,2.209,2.3203,2.1872,1.9056
726,110.64240000000001,90.7035,2.2168,2.3223,2.1887,1.9074
727,110.79480000000001,88.0543,2.2148,2.3164,2.1828,1.9279
728,110.94720000000001,87.9684,2.2266,2.3066,2.189,1.9389
729,111.09960000000001,88.3211,2.2227,2.2949,2.1829,1.9492
730,111.25200000000001,88.9046,2.2344,2.2832,2.1838,1.9464
731,111.40440000000001,86.4166,2.2305,2.2754,2.188,1.9294
732,111.55680000000001,85.1147,2.2168,2.2773,2.185,1.9309
733,111.70920000000001,89.8285,2.2148,2.2891,2.2031,1.9185
734,111.86160000000001,92.6738,2.2227,2.3008,2.1993,1.9206
735,112.01400000000001,90.7457,2.2305,2.3066,2.1966,1.9152
736,112.16640000000001,89.4767,2.2246,2.2988,2.1729,1.914
737,112.31880000000001,91.4323,2.2344,2.2871,2.1705,1.9191
738,112.47120000000001,92.6821,2.2344,2.2773,2.177,1.9267
739,112.62360000000001,89.7484,2.2285,2.2754,2.1748,1.9377
740,112.77600000000001,91.0017,2.2363,2.2793,2.1438,1.942
741,112.92840000000001,93.6661,2.248,2.2852,2.1262,1.946
742,113.08080000000001,95.2917,2.248,2.293,2.1144,1.9377
743,113.23320000000001,93.8725,2.2559,2.3027,2.1326,1.9377
744,113.38560000000001,92.9181,2.2617,2.3105,2.1353,1.9399
745,113.53800000000001,93.236,2.2754,2.3184,2.1488,1.9313
746,113.69040000000001,92.4285,2.2832,2.3242,2.1687,1.9017
747,113.84280000000001,90.6711,2.291,2.3262,2.1822,1.9173
748,113.99520000000001,90.3245,2.2871,2.3262,2.1972,1.9476
749,114.14760000000001,88.7874,2.2891,2.3223,2.1855,1.9507
750,114.30000000000001,91.0076,2.2969,2.3203,2.1887,1.9614
751,114.45240000000001,87.7014,2.3105,2.3223,2.1828,1.9551
752,114.60480000000001,87.7611,2.3203,2.3379,2.1708,1.9258
753,114.75720000000001,87.5702,2.3242,2.3633,2.16,1.9258
754,114.90960000000001,90.05,2.3281,2.3867,2.1485,1.9371
755,115.06200000000001,92.0247,2.3301,2.4004,2.1525,1.9488
756,115.21440000000001,89.0456,2.332,2.3965,2.1483,1.9576
757,115.36680000000001,88.7144,2.3418,2.3887,2.1564,1.9554
758,115.51920000000001,89.859,2.3672,2.3848,2.1719,1.9821
759,115.67160000000001,90.2203,2.3809,2.3926,2.1736,1.9795
760,115.82400000000001,91.8692,2.3848,2.4023,2.185,1.9886
761,115.97640000000001,92.9319,2.3945,2.4102,2.1958,2.0172
762,116.12880000000001,96.394,2.4043,2.4141,2.2119,2.0185
763,116.28120000000001,96.1031,2.4063,2.4141,2.2067,2.0152
764,116.43360000000001,93.0783,2.4043,2.4141,2.1993,2.0125
765,116.58600000000001,90.3794,2.4043,2.4141,2.207,1.9948
766,116.73840000000001,87.2797,2.4023,2.416,2.2168,1.9668
767,116.89080000000001,87.9575,2.4004,2.418,2.2221,1.9517
768,117.04320000000001,88.6657,2.3926,2.4199,2.2062,1.9408
769,117.1956,88.7082,2.3945,2.418,2.1973,1.9389
770,117.348,88.9611,2.3984,2.4141,2.2031,1.9408
771,117.5004,85.9741,2.4082,2.4102,2.207,1.9464
772,117.6528,86.1858,2.4141,2.4102,2.2082,1.946
773,117.8052,84.9148,2.4199,2.416,2.2027,1.9677
774,117.9576,85.7008,2.4277,2.4258,2.2044,1.9815
775,118.11,84.9207,2.4414,2.4375,2.2206,1.9863
776,118.2624,85.974,2.4492,2.4492,2.2231,1.9948
777,118.4148,87.4516,2.4512,2.459,2.2208,2.003
778,118.5672,88.507,2.459,2.4727,2.2123,1.9964
779,118.7196,90.2979,2.4668,2.4863,2.2107,2.0082
780,118.872,90.4824,2.4688,2.498,2.2191,2.0152
781,119.0244,92.4869,2.4688,2.502,2.231,2.0172
782,119.1768,91.8547,2.4688,2.4961,2.2312,2.0249
783,119.3292,93.1661,2.4629,2.4844,2.2414,2.0192
784,119.4816,91.5853,2.459,2.4688,2.2455,2.0351
785,119.634,89.6085,2.4551,2.4551,2.258,2.0313
786,119.7864,87.1869,2.4512,2.4453,2.2501,2.0089
787,119.9388,88.8688,2.4492,2.4414,2.2424,2.0046
788,120.0912,89.444,2.4473,2.4414,2.2356,2.0003
789,120.2436,87.4822,2.4453,2.4414,2.2446,1.9747
790,120.396,89.0225,2.4414,2.4453,2.2346,1.9699
791,120.5484,89.9734,2.4375,2.4492,2.2241,1.969
792,120.7008,92.3919,2.4336,2.4473,2.2256,1.9722
793,120.8532,90.1065,2.4336,2.4375,2.2265,1.9665
794,121.0056,88.1219,2.4316,2.4219,2.237,1.9642
795,121.158,90.4358,2.4277,2.4063,2.2256,1.968
796,121.3104,90.1869,2.4219,2.3945,2.2381,1.9719
797,121.4628,91.3572,2.416,2.3867,2.2374,1.9841
798,121.6152,89.4322,2.4141,2.3828,2.2443,1.9767
799,121.7676,92.8524,2.4102,2.3809,2.237,1.9715
800,121.92,95.7302,2.4082,2.375,2.2256,1.9652
801,122.0724,97.3927,2.4082,2.373,2.2254,1.9545
802,122.2248,96.9097,2.4121,2.377,2.2391,1.9523
803,122.3772,93.9891,2.4121,2.3887,2.2509,1.952
804,122.5296,92.3072,2.4141,2.4043,2.2328,1.9608
805,122.682,88.1991,2.416,2.418,2.2166,1.9658
806,122.8344,91.2613,2.416,2.4258,2.216,1.9725
807,122.9868,92.6536,2.418,2.4258,2.2239,1.9738
808,123.1392,94.1185,2.4238,2.4219,2.2208,1.9767
809,123.2916,90.9443,2.4258,2.416,2.2121,1.9805
810,123.444,92.3248,2.4258,2.4102,2.2234,1.9844
811,123.5964,92.2918,2.4258,2.4063,2.2325,1.9808
812,123.7488,95.0949,2.4219,2.4023,2.2336,1.9815
813,123.9012,93.1254,2.4199,2.4004,2.2357,1.9706
814,124.0536,92.667,2.418,2.4023,2.2463,1.9674
815,124.206,88.3196,2.418,2.4082,2.2559,1.9731
816,124.3584,89.1204,2.416,2.418,2.2442,1.9646
817,124.5108,90.4981,2.4141,2.4258,2.2376,1.969
818,124.6632,90.4313,2.4141,2.4297,2.2108,1.9661
819,124.8156,89.8475,2.416,2.4336,2.2159,1.9725
820,124.968,88.1703,2.4121,2.4316,2.2066,1.9853
821,125.1204,87.9786,2.4102,2.4297,2.2138,1.9961
822,125.2728,85.1069,2.4082,2.4277,2.2202,2.0023
823,125.4252,85.4852,2.4082,2.4258,2.2179,2.003
824,125.5776,83.8662,2.4063,2.4238,2.2276,2.0152
825,125.73,85.6088,2.4023,2.4199,2.2113,2.0132
826,125.8824,85.1989,2.3965,2.418,2.2133,2.0092
827,126.0348,87.0912,2.3945,2.416,2.2204,1.9863
828,126.1872,86.3414,2.3906,2.4121,2.2317,1.9799
829,126.3396,84.9247,2.3887,2.4102,2.2209,1.9834
830,126.492,83.484,2.3809,2.4063,2.2093,1.9879
831,126.6444,80.9974,2.377,2.3984,2.2034,1.9925
832,126.7968,82.3254,2.3691,2.3848,2.2127,1.9863
833,126.9492,83.8815,2.3672,2.3672,2.2106,1.977
834,127.1016,88.26,2.3652,2.3516,2.2213,1.9754
835,127.254,85.8597,2.3652,2.3398,2.2352,1.9633
836,127.4064,89.5753,2.3555,2.334,2.2531,1.9863
837,127.5588,87.1851,2.3535,2.332,2.2574,1.9873
838,127.7112,90.8554,2.3516,2.3301,2.2381,1.962
839,127.8636,85.5967,2.3516,2.3281,2.2203,1.9627
840,128.01600000000002,86.799,2.3496,2.3262,2.2187,1.9579
841,128.16840000000002,83.8601,2.3477,2.3242,2.2102,1.9488
842,128.32080000000002,84.947,2.3418,2.3203,2.1961,1.9255
843,128.47320000000002,83.8409,2.3301,2.3145,2.1756,1.9383
844,128.62560000000002,87.5268,2.3281,2.3066,2.1847,1.9429
845,128.77800000000002,87.6911,2.3223,2.2988,2.2115,1.9557
846,128.93040000000002,88.1044,2.3145,2.291,2.2307,1.9548
847,129.08280000000002,83.8346,2.3105,2.2852,2.2301,1.9696
848,129.23520000000002,87.1245,2.3105,2.2852,2.1752,1.9595
849,129.38760000000002,86.5407,2.3105,2.2949,2.0921,1.9473
850,129.54000000000002,89.4911,2.3203,2.3223,2.0261,1.8815
851,129.69240000000002,88.4845,2.3242,2.3574,1.9877,1.8694
852,129.84480000000002,89.8356,2.3242,2.3887,2.0219,1.9161
853,129.99720000000002,91.4032,2.3223,2.3926,2.0785,1.9191
854,130.1496,91.4232,2.3223,2.3711,2.13,1.9857
855,130.302,89.5102,2.3105,2.3242,2.1484,2.0581
856,130.4544,86.457,2.2969,2.2637,2.1214,1.9961
857,130.6068,84.352,2.293,2.1973,2.1208,1.9614
858,130.7592,85.2258,2.291,2.1406,2.1109,1.963
859,130.9116,86.6877,2.2813,2.1035,2.1072,1.8705
860,131.064,84.4258,2.2578,2.0898,2.0438,1.8173
861,131.2164,83.0974,2.2383,2.0977,1.9718,1.8065
862,131.3688,81.0802,2.2285,2.1172,1.9317,1.8205
863,131.5212,82.6536,2.2188,2.1387,1.9306,1.8434
864,131.6736,83.8368,2.2168,2.1602,1.9687,1.8574
865,131.826,85.698,2.2148,2.1797,2.034,1.8574
866,131.9784,85.9508,2.2129,2.1895,2.0991,1.8537
867,132.1308,86.4129,2.1973,2.1836,2.1102,1.8309
868,132.2832,84.1444,2.2012,2.1602,2.1015,1.8448
869,132.4356,85.2576,2.2012,2.125,2.1236,1.8113
870,132.588,84.531,2.2012,2.0879,2.1434,1.8076
871,132.7404,84.663,2.2012,2.0605,2.1419,1.8328
872,132.8928,85.1113,2.1953,2.0508,2.1225,1.8243
873,133.0452,84.7212,2.1855,2.0566,2.1326,1.8537
874,133.1976,89.6297,2.1699,2.0664,2.1523,1.8309
875,133.35,90.4128,2.168,2.0742,2.1644,1.8323
876,133.5024,92.253,2.168,2.0742,2.139,1.8515
877,133.6548,88.0987,2.166,2.0723,2.1342,1.8631
878,133.8072,89.4312,2.1699,2.0684,2.1307,1.8754
879,133.9596,89.625,2.168,2.0664,2.1421,1.8442
880,134.112,87.4854,2.168,2.0684,2.1378,1.8113
881,134.2644,86.6959,2.168,2.0781,2.141,1.8243
882,134.4168,87.3123,2.1738,2.0879,2.1636,1.8221
883,134.5692,90.8871,2.1738,2.0977,2.1827,1.826
884,134.7216,91.1703,2.1758,2.1016,2.1984,1.8111
885,134.874,88.4338,2.1777,2.1055,2.1859,1.826
886,135.0264,88.613,2.1777,2.1113,2.1826,1.8634
887,135.1788,86.1837,2.1797,2.1152,2.1693,1.8532
888,135.3312,87.7761,2.1777,2.1172,2.1556,1.874
889,135.4836,87.6741,2.1777,2.1133,2.1523,1.8751
890,135.636,88.815,2.1758,2.1055,2.159,1.8676
891,135.7884,89.3139,2.1719,2.0957,2.1503,1.887
892,135.9408,88.4896,2.1641,2.0898,2.1285,1.9008
893,136.0932,89.6806,2.1563,2.0918,2.1254,1.8943
894,136.2456,90.5816,2.1563,2.0977,2.1131,1.878
895,136.398,90.5543,2.1563,2.1055,2.04,1.8645
896,136.5504,91.2972,2.1563,2.1133,1.9754,1.8546
897,136.7028,91.4118,2.1582,2.1211,1.9401,1.8628
898,136.8552,93.6155,2.1621,2.1348,1.9645,1.8594
899,137.0076,93.7969,2.1719,2.1523,1.9966,1.8439
900,137.16,94.9408,2.1816,2.168,2.0301,1.8498
901,137.3124,93.5641,2.1836,2.1758,2.0675,1.8484
902,137.4648,91.0872,2.1895,2.1699,2.1108,1.8714
903,137.6172,88.0113,2.2012,2.1602,2.1417,1.8688
904,137.7696,86.4701,2.207,2.1484,2.1519,1.8605
905,137.922,82.4728,2.209,2.1406,2.1394,1.8563
906,138.0744,81.3535,2.1914,2.1289,2.129,1.8086
907,138.2268,81.1995,2.1719,2.1113,2.1355,1.7958
908,138.3792,82.7018,2.1699,2.0918,2.1212,1.7799
909,138.5316,83.9979,2.168,2.0723,2.0357,1.758
910,138.684,83.4063,2.166,2.0547,1.9796,1.7731
911,138.8364,86.312,2.166,2.043,1.9979,1.7778
912,138.9888,88.0014,2.1582,2.041,2.021,1.7985
913,139.1412,90.3466,2.1582,2.0508,2.0017,1.8124
914,139.2936,88.9908,2.1602,2.0664,1.9518,1.8279
915,139.446,87.8939,2.1699,2.0801,1.9328,1.8506
916,139.5984,88.005,2.1953,2.0859,1.9583,1.8439
917,139.7508,87.4862,2.1973,2.0898,2.0099,1.8375
918,139.9032,85.9548,2.1992,2.0977,2.0954,1.8551
919,140.0556,87.7971,2.2012,2.1113,2.159,1.8445
920,140.208,89.8692,2.1914,2.1289,2.1821,1.8651
921,140.3604,90.7935,2.1895,2.1406,2.1797,1.8594
922,140.5128,88.7877,2.1895,2.1426,2.1667,1.8317
923,140.6652,86.5658,2.1895,2.1348,2.1667,1.8183
924,140.8176,87.6021,2.1895,2.125,2.1701,1.8094
925,140.97,90.5713,2.1895,2.1172,2.1727,1.8353
926,141.1224,93.3169,2.1855,2.1152,2.1655,1.8293
927,141.2748,92.1613,2.1816,2.1191,2.153,1.8197
928,141.4272,87.3621,2.1797,2.125,2.1592,1.8238
929,141.5796,86.6053,2.1797,2.1328,2.1722,1.8151
930,141.732,86.3081,2.1797,2.1387,2.1501,1.8181
931,141.8844,86.7085,2.1836,2.1445,2.1602,1.826
932,142.0368,86.3552,2.1875,2.1465,2.1601,1.8462
933,142.1892,85.4352,2.1855,2.1387,2.1781,1.847
934,142.3416,85.7654,2.1855,2.123,2.0816,1.8084
935,142.494,87.1379,2.1758,2.1055,2.0775,1.8235
936,142.6464,88.8462,2.166,2.0879,2.0577,1.8065
937,142.7988,86.4756,2.1621,2.0742,2.0764,1.8127
938,142.9512,84.1913,2.1562,2.0586,1.9884,1.8232
939,143.1036,79.0343,2.1484,2.043,1.9132,1.8025
940,143.256,79.8317,2.1445,2.0273,1.863,1.8119
941,143.4084,78.2496,2.1387,2.0215,1.8465,1.8086
942,143.5608,82.3577,2.1348,2.0254,1.8369,1.8194
943,143.7132,81.5619,2.1328,2.0371,1.8549,1.8551
944,143.8656,81.9705,2.1328,2.0469,1.8657,1.8708
945,144.018,80.7479,2.1328,2.0508,1.8773,1.8783
946,144.1704,80.9141,2.1348,2.0488,1.8587,1.8571
947,144.3228,79.6525,2.1348,2.0449,1.8413,1.8375
948,144.4752,78.8451,2.1348,2.041,1.8421,1.8157
949,144.6276,78.9291,2.1367,2.043,1.8574,1.778
950,144.78,78.555,2.1426,2.0469,1.8699,1.7644
951,144.9324,77.0796,2.1543,2.0625,1.9054,1.7568
952,145.0848,79.7218,2.1699,2.0996,1.9182,1.7685
953,145.2372,83.0864,2.1836,2.1621,1.9396,1.7843
954,145.3896,86.1979,2.1934,2.2402,1.9807,1.847
955,145.542,86.3487,2.1973,2.3066,2.0725,1.9194
956,145.6944,84.5013,2.209,2.3281,2.1843,1.9513
957,145.8468,85.8526,2.2266,2.3008,2.2107,1.9658
958,145.9992,83.1208,2.2324,2.25,2.2075,1.9757
959,146.1516,85.1038,2.25,2.2031,2.2025,1.9608
960,146.304,86.2738,2.2559,2.1719,2.2129,1.9448
961,146.4564,88.826,2.2598,2.1602,2.1841,1.9389
962,146.6088,89.0814,2.2617,2.1582,2.1154,1.9306
963,146.7612,85.293,2.2539,2.1543,2.0579,1.9182
964,146.9136,82.6424,2.2227,2.1484,2.0411,1.9495
965,147.066,79.5793,2.2129,2.1504,2.0799,1.9636
966,147.2184,78.8828,2.2129,2.1699,2.0995,2.0046
967,147.3708,79.4553,2.2148,2.209,2.1258,1.9303
968,147.5232,82.8635,2.2227,2.2578,2.1162,1.9149
969,147.6756,86.5598,2.2305,2.2969,2.1405,1.9273
970,147.828,86.4585,2.2246,2.3027,2.1596,1.9331
971,147.9804,84.8992,2.2227,2.2715,2.119,1.9331
972,148.1328,84.7418,2.2051,2.2187,2.052,1.9258
973,148.2852,84.2297,2.1992,2.1641,2.0326,1.9386
974,148.4376,84.1733,2.1973,2.1211,2.0249,1.911
975,148.59,83.2784,2.1973,2.1035,2.0715,1.8946
976,148.7424,86.0409,2.2129,2.1172,2.0903,1.887
977,148.8948,87.7504,2.209,2.1543,2.13,1.8844
978,149.0472,86.4428,2.1953,2.1973,2.167,1.8905
979,149.1996,85.4651,2.1934,2.2266,2.1799,1.9014
980,149.352,83.8095,2.1836,2.2285,2.197,1.8803
981,149.5044,85.712,2.1738,2.2031,2.1661,1.8583
982,149.6568,86.9174,2.1621,2.166,2.1533,1.8535
983,149.8092,89.2292,2.1504,2.1309,2.1376,1.8631
984,149.9616,91.2673,2.1484,2.1055,2.1593,1.8789
985,150.114,90.4412,2.1465,2.0918,2.1802,1.8841
986,150.2664,90.0484,2.1426,2.0938,2.1799,1.8818
987,150.4188,87.2558,2.1387,2.1074,2.1895,1.8797
988,150.5712,87.4865,2.1426,2.1211,2.1741,1.8876
989,150.7236,84.4572,2.1426,2.1289,2.1415,1.8861
990,150.876,85.2595,2.1387,2.127,2.1522,1.8858
991,151.0284,85.2089,2.1348,2.1211,2.1546,1.8958
992,151.1808,88.2909,2.127,2.1191,2.1882,1.8777
993,151.3332,89.4506,2.1133,2.123,2.1755,1.8551
994,151.4856,91.1718,2.1055,2.1289,2.1749,1.849
995,151.638,88.1856,2.1035,2.1289,2.1277,1.8722
996,151.7904,87.1907,2.1113,2.1211,2.106,1.8754
997,151.9428,85.4247,2.1094,2.1172,2.0672,1.9008
998,152.0952,84.8868,2.1094,2.1211,2.1014,1.9392
999,152.2476,85.3214,2.1074,2.1367,2.1355,1.9582
1000,152.4,84.8918,2.1074,2.1543,2.1769,1.9899
1001,152.5524,88.7526,2.1191,2.168,2.2036,1.9944
1002,152.7048,87.9892,2.123,2.1719,2.2151,1.9828
1003,152.8572,91.219,2.125,2.166,2.2294,1.9661
1004,153.0096,93.3001,2.125,2.1562,2.2232,1.968
1005,153.162,94.0776,2.123,2.1504,2.2133,1.9551
1006,153.3144,92.4953,2.1113,2.1465,2.2158,1.962
1007,153.4668,90.9031,2.1035,2.1387,2.229,1.9276
1008,153.6192,92.0134,2.0957,2.127,2.2416,1.8885
1009,153.7716,91.8291,2.0938,2.1094,2.2081,1.8751
1010,153.924,89.3052,2.0918,2.0898,2.2003,1.8815
1011,154.0764,85.4705,2.0898,2.0723,2.1736,1.8634
1012,154.2288,84.6962,2.082,2.0625,2.1841,1.8512
1013,154.3812,83.7545,2.082,2.0586,2.1677,1.8301
1014,154.5336,84.3015,2.082,2.0664,2.1632,1.8173
1015,154.686,81.0609,2.082,2.082,2.1374,1.8323
1016,154.8384,78.35,2.082,2.0996,2.1259,1.8422
1017,154.9908,76.6308,2.0801,2.1094,2.112,1.8628
1018,155.1432,79.3487,2.084,2.1074,2.1422,1.8617
1019,155.2956,81.9054,2.0918,2.0957,2.1686,1.845
1020,155.448,83.4665,2.0938,2.0762,2.1999,1.8353
1021,155.6004,84.6005,2.0938,2.0586,2.2041,1.8495
1022,155.7528,85.6355,2.0957,2.0488,2.2099,1.8241
1023,155.9052,87.113,2.0957,2.0508,2.2132,1.823
1024,156.0576,85.6854,2.0957,2.0566,2.1987,1.8235
1025,156.21,84.5125,2.0957,2.0645,2.1756,1.8127
1026,156.3624,81.43,2.0918,2.0684,2.1792,1.8337
1027,156.5148,80.8776,2.0879,2.0684,2.1748,1.8389
1028,156.6672,84.0972,2.0898,2.0664,2.1767,1.8442
1029,156.8196,85.5228,2.084,2.0625,2.182,1.8337
1030,156.972,87.016,2.082,2.0566,2.1855,1.8284
1031,157.1244,82.9546,2.082,2.0508,2.1865,1.8386
1032,157.2768,81.5583,2.084,2.0488,2.1785,1.8265
1033,157.4292,78.4036,2.084,2.0547,2.1958,1.8361
1034,157.5816,76.907,2.082,2.0625,2.1951,1.8331
1035,157.734,77.2341,2.082,2.0723,2.199,1.8271
1036,157.8864,76.1793,2.0723,2.0762,2.2026,1.82
1037,158.0388,74.7723,2.0586,2.0703,2.1875,1.817
1038,158.1912,73.5115,2.0566,2.0586,2.1606,1.8328
1039,158.3436,73.3439,2.0547,2.043,2.0812,1.8473
1040,158.496,73.7042,2.0527,2.0254,1.9944,1.8952
1041,158.6484,73.5135,2.0566,2.0176,1.9615,1.9089
1042,158.8008,72.773,2.0586,2.0293,1.962,1.8766
1043,158.9532,72.5241,2.0605,2.0645,2.0304,1.8714
1044,159.1056,73.6772,2.0625,2.1172,2.0981,1.8777
1045,159.258,74.1065,2.0625,2.1641,2.1486,1.8518
1046,159.4104,78.0201,2.0762,2.1855,2.1823,1.8932
1047,159.5628,78.0764,2.0879,2.1738,2.1776,1.9023
1048,159.7152,79.0018,2.0879,2.1445,2.1828,1.9056
1049,159.8676,77.1677,2.0918,2.1172,2.173,1.942
1050,160.02,78.5212,2.0879,2.0996,2.1782,1.9495
1051,160.1724,83.4608,2.0859,2.0996,2.1929,1.9359
1052,160.3248,86.2718,2.0781,2.1094,2.1947,1.9426
1053,160.4772,90.7514,2.0723,2.1211,2.2058,1.9709
1054,160.6296,92.172,2.0723,2.127,2.1906,1.9362
1055,160.782,95.6589,2.0703,2.125,2.2036,1.9297
1056,160.9344,97.3013,2.0684,2.1152,2.2091,1.9359
1057,161.0868,97.0746,2.0645,2.1035,2.2208,1.9227
1058,161.2392,98.8251,2.0625,2.0918,2.217,1.9176
1059,161.3916,98.1597,2.0586,2.084,2.216,1.93
1060,161.544,97.5912,2.0625,2.0781,2.2107,1.9221
1061,161.6964,95.2319,2.0645,2.0723,2.2103,1.938
1062,161.8488,96.2382,2.0645,2.0684,2.2008,1.9328
1063,162.0012,95.9328,2.0645,2.0664,2.1967,1.9595
1064,162.1536,95.5277,2.0625,2.0664,2.1843,1.963
1065,162.306,93.273,2.0605,2.0664,2.1692,1.9402
1066,162.4584,90.6874,2.0605,2.0605,2.174,1.9359
1067,162.6108,86.5958,2.0625,2.0508,2.1844,1.9498
1068,162.7632,82.085,2.0684,2.0449,2.207,1.9164
1069,162.9156,79.1263,2.084,2.0469,2.2145,1.9011
1070,163.068,80.7053,2.0938,2.0547,2.2209,1.874
1071,163.2204,81.7634,2.0957,2.0625,2.2172,1.8549
1072,163.3728,82.8516,2.0957,2.0605,2.2015,1.8467
1073,163.5252,81.8957,2.0898,2.0508,2.1992,1.8436
1074,163.6776,81.674,2.0898,2.0312,2.1893,1.8252
1075,163.83,86.9402,2.0898,2.0039,2.1716,1.8295
1076,163.9824,87.8454,2.0859,1.9707,2.1567,1.8353
1077,164.1348,87.7654,2.0859,1.9346,2.1588,1.8342
1078,164.2872,84.6824,2.0762,1.9053,2.1641,1.8668
1079,164.4396,82.9508,2.0703,1.8867,2.0779,1.8841
1080,164.592,78.5146,2.0684,1.8779,1.9511,1.8885
1081,164.7444,77.0176,2.0469,1.8701,1.8479,1.8803
1082,164.8968,76.7597,2.0098,1.8564,1.7956,1.8665
1083,165.0492,80.1273,2.002,1.8437,1.7813,1.8254
1084,165.2016,79.1092,2.0059,1.8418,1.833,1.8046
1085,165.354,76.5251,1.9785,1.8555,1.8855,1.7948
1086,165.5064,77.1618,1.9717,1.8789,1.9205,1.8111
1087,165.6588,75.6049,1.9707,1.8965,1.8459,1.8017
1088,165.8112,77.4995,1.9658,1.8936,1.7691,1.8235
1089,165.9636,72.5772,1.9697,1.8721,1.7573,1.8038
1090,166.116,73.0864,2.0098,1.8555,1.8402,1.8027
1091,166.2684,72.8517,2.0176,1.8672,1.9696,1.7864
1092,166.4208,75.4523,2.0176,1.9111,2.0748,1.7864
1093,166.5732,77.6995,2.0156,1.9756,2.1109,1.8594
1094,166.72560000000001,80.2585,2.0137,2.0293,2.1537,1.8423
1095,166.87800000000001,82.5481,2.0078,2.043,2.193,1.8591
1096,167.03040000000001,82.592,2.0098,2.0137,2.2079,1.8745
1097,167.18280000000001,78.465,2.0078,1.9629,2.2094,1.8148
1098,167.33520000000001,76.9464,2.0059,1.9141,2.2002,1.7974
1099,167.48760000000001,77.1761,1.9902,1.8848,2.1895,1.7708
1100,167.64000000000001,81.4493,1.9658,1.8799,2.1892,1.7972
1101,167.79240000000001,85.9664,1.9629,1.8975,2.1986,1.8038
1102,167.94480000000001,88.5086,1.9609,1.9316,2.1936,1.8216
1103,168.09720000000002,87.739,1.9619,1.9707,2.1807,1.8467
1104,168.24960000000002,84.651,1.9619,2.0039,2.1874,1.8637
1105,168.40200000000002,84.7841,1.9629,2.0215,2.2019,1.8818
1106,168.55440000000002,86.4685,1.9697,2.0195,2.2155,1.8923
1107,168.70680000000002,87.8128,1.9727,2.0078,2.2066,1.9389
1108,168.85920000000002,84.3652,1.9756,1.998,2.2096,1.9119
1109,169.01160000000002,82.1359,1.9795,1.9961,2.202,1.8908
1110,169.16400000000002,82.9959,2.0098,2.0,2.2036,1.8662
1111,169.31640000000002,83.2592,2.041,2.0156,2.1864,1.8156
1112,169.46880000000002,83.0969,2.0488,2.0449,2.1768,1.8084
1113,169.62120000000002,82.1945,2.0547,2.0898,2.1729,1.8205
1114,169.77360000000002,81.8786,2.0703,2.1406,2.2033,1.8809
1115,169.92600000000002,89.5077,2.1055,2.1816,2.2239,1.9374
1116,170.07840000000002,93.0847,2.1172,2.2051,2.2386,1.9706
1117,170.23080000000002,98.6339,2.1231,2.2109,2.2408,2.0069
1118,170.38320000000002,94.4263,2.1563,2.209,2.2414,2.0106
1119,170.53560000000002,95.9462,2.1973,2.2129,2.2406,2.0132
1120,170.68800000000002,91.1659,2.1992,2.2148,2.2249,1.9671
1121,170.84040000000002,90.0584,2.1895,2.209,2.2174,1.9233
1122,170.99280000000002,86.4149,2.1855,2.1914,2.2098,1.8988
1123,171.14520000000002,88.5867,2.1777,2.166,2.2154,1.8763
1124,171.29760000000002,87.163,2.1445,2.1309,2.2144,1.8728
1125,171.45000000000002,81.6801,2.1172,2.0879,2.1859,1.8265
1126,171.60240000000002,79.4752,2.0898,2.0391,2.1489,1.82
1127,171.75480000000002,79.6122,2.0781,1.9932,2.1219,1.8108
1128,171.90720000000002,83.9023,2.0664,1.958,2.1291,1.8164
1129,172.05960000000002,81.249,2.0527,1.9424,2.146,1.8219
1130,172.21200000000002,80.5099,2.0352,1.9443,2.1415,1.8043
1131,172.36440000000002,80.4484,2.041,1.9541,2.1501,1.7693
1132,172.51680000000002,82.2007,2.0371,1.9648,2.1565,1.7662
1133,172.66920000000002,80.0609,2.041,1.9746,2.1769,1.8113
1134,172.82160000000002,75.1242,2.0664,1.9814,2.1684,1.8084
1135,172.97400000000002,74.7488,2.0762,1.9834,2.1599,1.7996
1136,173.12640000000002,73.4611,2.0742,1.9844,2.1801,1.8006
1137,173.27880000000002,78.0543,2.0859,1.9834,2.1949,1.7945
1138,173.43120000000002,79.7617,2.1016,1.9854,2.2008,1.802
1139,173.58360000000002,78.844,2.1016,1.9893,2.1773,1.8119
1140,173.73600000000002,73.3425,2.1016,1.9932,2.1752,1.8162
1141,173.88840000000002,69.0251,2.0937,1.9912,2.1786,1.8004
1142,174.04080000000002,71.9946,2.0898,1.9824,2.1869,1.8119
1143,174.19320000000002,75.5125,2.084,1.9697,2.1791,1.8151
1144,174.34560000000002,76.4915,2.082,1.958,2.1709,1.8036
1145,174.49800000000002,78.2893,2.0918,1.9512,2.1796,1.8019
1146,174.65040000000002,79.5409,2.0996,1.9541,2.1837,1.7799
1147,174.80280000000002,78.7779,2.0977,1.9668,2.1756,1.7739
1148,174.95520000000002,78.0054,2.0957,1.9854,2.1574,1.7742
1149,175.10760000000002,75.9295,2.0801,2.0059,2.1317,1.7874
1150,175.26000000000002,80.0033,2.0684,2.0156,2.1225,1.7832
1151,175.41240000000002,81.857,2.0703,2.0019,2.1015,1.7887
1152,175.56480000000002,81.1205,2.0664,1.959,2.1039,1.7859
1153,175.71720000000002,77.9805,2.0527,1.8984,2.0951,1.7903
1154,175.86960000000002,76.2501,2.0605,1.8477,2.0937,1.8004
1155,176.02200000000002,78.5631,2.0645,1.835,2.0697,1.8028
1156,176.17440000000002,80.0905,2.0645,1.8691,2.0565,1.8397
1157,176.32680000000002,77.281,2.0684,1.9424,2.0403,1.8434
1158,176.47920000000002,74.7528,2.0703,2.0215,2.0655,1.8384
1159,176.63160000000002,74.325,2.0625,2.0684,2.0915,1.8378
1160,176.78400000000002,74.6891,2.0703,2.0684,2.1084,1.8227
1161,176.93640000000002,76.1417,2.0957,2.0352,2.1095,1.8287
1162,177.08880000000002,76.341,2.0996,1.9971,2.118,1.8257
1163,177.24120000000002,75.8779,2.1016,1.9717,2.1421,1.8414
1164,177.39360000000002,74.2501,2.1035,1.9639,2.1449,1.8501
1165,177.54600000000002,75.0717,2.0937,1.9639,2.15,1.8476
1166,177.69840000000002,74.9803,2.0723,1.959,2.1499,1.8574
1167,177.85080000000002,74.8233,2.0703,1.9453,2.1676,1.8467
1168,178.00320000000002,70.3351,2.0684,1.9316,2.1422,1.8328
1169,178.15560000000002,68.6057,2.0684,1.9277,1.9429,1.8257
1170,178.30800000000002,67.7383,2.0664,1.9424,1.8391,1.799
1171,178.46040000000002,68.0113,2.0566,1.9727,1.7902,1.8476
1172,178.61280000000002,67.5328,2.0664,2.0098,1.832,1.8605
1173,178.76520000000002,66.5025,2.0684,2.043,1.8558,1.8694
1174,178.91760000000002,63.5918,2.0684,2.0645,1.9211,1.8656
1175,179.07000000000002,64.5507,2.0742,2.0703,1.9975,1.8645
1176,179.22240000000002,64.6856,2.1094,2.0703,2.0699,1.8588
1177,179.37480000000002,69.1063,2.127,2.0664,2.0828,1.8949
1178,179.52720000000002,68.8638,2.127,2.0645,2.1473,1.9279
1179,179.67960000000002,69.9741,2.1387,2.0645,2.1658,1.9023
1180,179.83200000000002,69.8313,2.1504,2.0664,2.1847,1.8526
1181,179.98440000000002,68.5625,2.1523,2.0645,2.1366,1.798
1182,180.13680000000002,67.468,2.1543,2.0547,2.0939,1.7654
1183,180.28920000000002,64.8289,2.1465,2.0371,2.0131,1.7606
1184,180.44160000000002,64.9988,2.1426,2.0156,1.9761,1.789
1185,180.59400000000002,62.7598,2.1406,1.9971,1.955,1.7817
1186,180.74640000000002,61.1908,2.1387,1.9883,2.018,1.8127
1187,180.89880000000002,62.5929,2.123,1.9932,2.0629,1.8249
1188,181.05120000000002,63.4233,2.1211,2.0098,2.116,1.8181
1189,181.20360000000002,65.8457,2.1172,2.0313,2.1065,1.8129
1190,181.35600000000002,63.3883,2.1152,2.0586,2.1293,1.8102
1191,181.50840000000002,63.2706,2.1133,2.082,2.1419,1.829
1192,181.66080000000002,63.5119,2.1133,2.0957,2.174,1.8268
1193,181.81320000000002,65.3654,2.1133,2.0918,2.1641,1.8342
1194,181.96560000000002,64.3573,2.1152,2.0742,2.1617,1.8202
1195,182.118,62.6098,2.1191,2.0488,2.1541,1.8249
1196,182.2704,60.275,2.123,2.0215,2.1532,1.8425
1197,182.4228,63.1486,2.1211,2.002,2.1578,1.8882
1198,182.5752,63.0636,2.1191,1.9912,2.1671,1.8682
1199,182.7276,66.6624,2.1152,1.9893,2.1776,1.858
1200,182.88,63.3439,2.1074,1.9912,2.1733,1.8414
1201,183.0324,64.8946,2.1035,1.9932,2.1304,1.8532
1202,183.1848,64.1397,2.1016,1.9961,2.1334,1.8745
1203,183.3372,65.8628,2.0996,2.0039,2.1294,1.8685
1204,183.4896,64.2974,2.1035,2.0195,2.1278,1.8353
1205,183.642,64.5283,2.0977,2.043,2.1039,1.8543
1206,183.7944,66.7848,2.0938,2.0586,2.1008,1.8359
1207,183.9468,68.8084,2.0957,2.0645,2.1606,1.8642
1208,184.0992,70.3477,2.0996,2.0684,2.1744,1.9146
1209,184.2516,71.1391,2.1211,2.0801,2.1528,1.93
1210,184.404,70.5605,2.1309,2.1074,2.1072,1.9812
1211,184.5564,70.1214,2.1367,2.1484,2.111,1.9883
1212,184.7088,69.4376,2.1504,2.1856,2.0817,1.9837
1213,184.8612,72.7127,2.1621,2.2129,2.1151,2.0142
1214,185.0136,74.0757,2.1699,2.2285,2.1185,2.0242
1215,185.166,75.3263,2.1914,2.2441,2.1963,2.0059
1216,185.3184,77.5213,2.207,2.2656,2.194,2.092
1217,185.4708,82.2203,2.2227,2.2949,2.1982,2.0323
1218,185.6232,85.8438,2.2246,2.3242,2.1925,2.064
1219,185.7756,85.6132,2.2246,2.3418,2.1854,2.0759
1220,185.928,82.1564,2.2441,2.3359,2.2138,2.0453
1221,186.0804,80.2062,2.25,2.3223,2.2322,2.0563
1222,186.2328,78.9021,2.2441,2.3145,2.2651,2.0179
1223,186.3852,78.5222,2.2402,2.3164,2.264,1.9841
1224,186.5376,76.9419,2.2324,2.3242,2.2514,1.9747
1225,186.69,76.7221,2.2031,2.3301,2.24,1.9873
1226,186.8424,77.0577,2.1992,2.3164,2.2208,1.9812
1227,186.9948,77.025,2.1973,2.2812,2.2283,2.0082
1228,187.1472,76.1023,2.1973,2.2383,2.2392,2.0175
1229,187.2996,75.2256,2.2031,2.2012,2.2365,1.998
1230,187.452,74.3076,2.1914,2.1836,2.223,1.9967
1231,187.6044,72.1696,2.1855,2.1875,2.2105,1.9722
1232,187.7568,71.3111,2.1816,2.2031,2.2098,1.9703
1233,187.9092,71.0116,2.1816,2.2148,2.2191,1.9889
1234,188.0616,71.0358,2.1875,2.2148,2.2155,1.976
1235,188.214,67.7133,2.1855,2.207,2.2331,1.9598
1236,188.3664,67.6871,2.1836,2.1992,2.2275,1.9783
1237,188.5188,68.7585,2.1719,2.2051,2.2301,1.9841
1238,188.6712,69.9674,2.1641,2.2227,2.2288,1.9941
1239,188.8236,72.4073,2.166,2.2422,2.2105,1.9957
1240,188.976,74.7052,2.166,2.252,2.2154,1.9757
1241,189.1284,78.0831,2.1953,2.2539,2.2074,2.0125
1242,189.2808,76.8221,2.2148,2.2578,2.2147,2.0491
1243,189.4332,75.6717,2.2207,2.2754,2.2163,2.0855
1244,189.5856,75.5132,2.2344,2.3106,2.215,2.1987
1245,189.738,76.3172,2.25,2.3496,2.231,2.1567
1246,189.8904,77.6887,2.2676,2.3789,2.2282,2.1438
1247,190.0428,79.4258,2.3106,2.3965,2.2452,2.1289
1248,190.1952,81.2054,2.3418,2.4141,2.2318,2.1779
1249,190.3476,81.3705,2.3535,2.4434,2.2461,2.1904
1250,190.5,80.6291,2.3613,2.4883,2.2424,2.134
1251,190.6524,78.141,2.377,2.5254,2.2688,2.1226
1252,190.8048,79.9919,2.418,2.541,2.2654,2.1621
1253,190.9572,82.2186,2.4375,2.5332,2.2715,2.1266
1254,191.1096,82.8174,2.4434,2.5176,2.252,2.1163
1255,191.262,79.7816,2.4492,2.5059,2.2588,2.1017
1256,191.4144,78.5373,2.4551,2.5059,2.2457,2.0608
1257,191.5668,83.3975,2.4531,2.5098,2.2615,2.0112
1258,191.7192,85.685,2.4453,2.4941,2.2583,1.9786
1259,191.8716,87.3866,2.4023,2.4453,2.2396,1.9371
1260,192.024,84.6806,2.3809,2.3711,2.2027,1.9239
1261,192.1764,82.6715,2.3594,2.291,2.167,1.9303
1262,192.3288,76.846,2.3437,2.2324,2.178,1.9392
1263,192.4812,73.5706,2.3203,2.209,2.1703,1.9542
1264,192.6336,69.7886,2.2559,2.2148,2.1912,1.9255
1265,192.786,67.4342,2.2324,2.2266,2.1593,1.923
1266,192.9384,67.5582,2.1777,2.209,2.1469,1.9276
1267,193.0908,68.3479,2.1562,2.1504,2.0991,1.9285
1268,193.2432,70.9959,2.1465,2.0664,2.0829,1.9255
1269,193.3956,71.0053,2.1387,1.9893,2.0899,1.9233
1270,193.548,72.2664,2.1191,1.9502,2.1075,1.9092
1271,193.7004,71.245,2.0469,1.9521,2.0594,1.9137
1272,193.8528,69.4192,2.0234,1.9805,1.9752,1.9294
1273,194.0052,68.9001,2.0215,2.0078,1.911,1.9185
1274,194.1576,68.2245,2.0195,2.0215,1.8924,1.9239
1275,194.31,67.6807,2.0313,2.0176,1.9568,1.897
1276,194.4624,69.6909,2.0547,2.0137,2.0612,1.9
1277,194.6148,71.0669,2.0586,2.0234,2.1926,1.8944
1278,194.7672,74.5513,2.0605,2.0586,2.2114,1.9467
1279,194.9196,76.9074,2.0352,2.1055,2.2052,1.9909
1280,195.072,84.1715,2.0352,2.1445,2.1959,1.9961
1281,195.2244,89.3358,2.0215,2.1426,2.1989,2.0049
1282,195.3768,91.5821,2.0195,2.0976,2.1892,1.9928
1283,195.5292,88.161,2.0156,2.0293,2.1639,2.0043
1284,195.6816,83.7125,2.0078,1.96,2.1546,2.0066
1285,195.834,80.6669,1.9668,1.9023,2.1634,1.9664
1286,195.9864,78.5222,1.9258,1.8613,2.0723,1.9426
1287,196.1388,77.15,1.918,1.8447,2.126,1.9595
1288,196.2912,71.5831,1.9111,1.8535,2.1287,1.9853
1289,196.4436,68.9447,1.9033,1.8916,2.2319,1.9951
1290,196.596,67.3344,1.874,1.9463,2.2029,2.0172
1291,196.7484,70.175,1.8437,1.9814,2.1756,2.03
1292,196.9008,67.3719,1.832,1.9609,2.1304,2.0026
1293,197.0532,66.0952,1.8115,1.8877,2.1218,1.9725
1294,197.2056,62.7179,1.8076,1.793,2.0971,1.9582
1295,197.358,63.6117,1.8086,1.7187,2.1063,1.9747
1296,197.5104,62.3008,1.8252,1.7002,2.0831,1.9325
1297,197.6628,62.3185,1.8486,1.75,2.1126,1.9273
1298,197.8152,62.1076,1.8467,1.8506,2.123,1.9227
1299,197.9676,62.7603,1.8525,1.9561,2.1406,1.8711
1300,198.12,68.8756,1.8613,2.0098,2.1402,1.8714
1301,198.2724,74.0096,1.8721,1.9873,2.1451,1.8625
1302,198.4248,79.3345,1.9268,1.9248,2.1456,1.8941
1303,198.5772,80.4588,1.9355,1.877,2.1717,1.9173
1304,198.7296,82.9537,1.9385,1.8682,2.1772,1.9255
1305,198.882,81.0388,1.9531,1.8926,2.1777,1.9579
1306,199.0344,78.6981,1.9346,1.9316,2.1793,1.9642
1307,199.1868,74.9411,1.9258,1.9541,2.1753,2.0165
1308,199.3392,75.051,1.9219,1.9355,2.1871,1.968
1309,199.4916,71.9064,1.9111,1.8789,2.1912,1.9545
1310,199.644,70.9736,1.8594,1.8076,2.1687,1.9696
1311,199.7964,68.1669,1.8457,1.748,2.1173,1.9107
1312,199.9488,66.7828,1.8369,1.7227,2.0889,1.9032
1313,200.1012,63.3798,1.8457,1.7383,2.0948,1.8935
1314,200.2536,59.718,1.8447,1.7822,2.0901,1.8665
1315,200.406,58.0939,1.8271,1.834,2.1039,1.8676
1316,200.5584,58.1459,1.7998,1.8721,2.0812,1.8766
1317,200.7108,60.9574,1.7861,1.8799,2.0933,1.8858
1318,200.8632,63.1698,1.7812,1.8447,2.039,1.8985
1319,201.0156,63.1903,1.7744,1.7676,2.0266,1.9325
1320,201.168,62.0844,1.7774,1.6748,1.8892,1.9728
1321,201.3204,62.401,1.8301,1.6143,1.8078,1.9501
1322,201.4728,60.3832,1.8809,1.6279,1.7419,1.9074
1323,201.6252,59.3486,1.8828,1.7364,1.8179,1.8546
1324,201.7776,56.6875,1.8848,1.9248,1.8874,1.8041
1325,201.93,58.2761,1.8936,2.1192,1.9759,1.8057
1326,202.0824,62.5144,1.9561,2.2051,1.9992,1.8356
1327,202.2348,66.6193,2.0215,2.1445,2.0306,1.8748
1328,202.3872,67.2815,2.0312,2.0195,2.0312,1.897
1329,202.5396,66.9741,2.0254,1.9199,2.0404,1.9086
1330,202.692,65.8884,2.0566,1.8848,2.0315,1.9252
1331,202.8444,67.9402,2.0586,1.919,2.0504,1.934
1332,202.9968,68.6049,2.0645,2.0039,2.0652,1.9655
1333,203.1492,68.6689,2.0742,2.1055,2.1024,1.9883
1334,203.3016,71.038,2.0781,2.1856,2.1361,1.9789
1335,203.454,73.3749,2.0762,2.2129,2.1293,1.9642
1336,203.6064,76.6083,2.0742,2.1836,2.0957,1.9671
1337,203.7588,74.3193,2.0859,2.1172,2.0958,1.8856
1338,203.9112,71.6886,2.0645,2.0449,2.1461,1.8501
1339,204.0636,68.8501,2.0566,1.9814,2.2002,1.8737
1340,204.216,70.4972,2.0488,1.9346,2.1652,1.8298
1341,204.3684,72.5424,2.043,1.9082,2.1652,1.8208
1342,204.5208,74.1793,2.0059,1.9014,2.1562,1.8431
1343,204.6732,74.5461,1.9424,1.9014,2.1678,1.8431
1344,204.8256,69.6719,1.9219,1.8916,2.1569,1.8557
1345,204.978,65.6642,1.9072,1.8672,2.1205,1.9077
1346,205.1304,64.3566,1.8984,1.8311,2.1093,1.892
1347,205.2828,65.198,1.9111,1.7979,2.0878,1.8639
1348,205.4352,64.499,1.9023,1.7891,2.0874,1.8124
1349,205.5876,61.1792,1.9063,1.8135,2.1073,1.7869
1350,205.74,61.4401,1.9082,1.8623,2.1157,1.8189
1351,205.8924,63.511,1.9092,1.9199,2.144,1.8549
1352,206.0448,66.9905,1.9189,1.9629,2.1496,1.8763
1353,206.1972,69.727,1.9365,1.9756,2.1726,1.9065
1354,206.3496,70.7106,1.9453,1.9609,2.1897,1.9297
1355,206.502,72.0158,1.9502,1.9385,2.1745,1.9405
1356,206.6544,71.4706,1.959,1.9219,2.1521,1.9294
1357,206.8068,70.9741,1.9981,1.9209,2.0771,1.9399
1358,206.9592,71.415,2.0293,1.9375,2.0701,1.9288
1359,207.1116,69.4398,2.0352,1.9707,2.0542,1.8938
1360,207.264,73.1553,2.0488,2.0137,2.0845,1.9164
1361,207.4164,74.1415,2.0527,2.0586,2.0588,1.905
1362,207.5688,74.6538,2.043,2.082,2.1139,1.9236
1363,207.7212,73.2286,2.0449,2.0703,2.1788,1.9507
1364,207.8736,68.1329,2.0352,2.0332,2.1841,1.9234
1365,208.026,68.9741,2.0449,1.9941,2.0884,1.9005
1366,208.1784,66.2094,2.0957,1.9775,2.0617,1.897
1367,208.3308,65.2595,2.0996,1.9981,2.1197,1.9252
1368,208.4832,62.9537,2.1016,2.0566,2.2129,1.9636
1369,208.6356,62.4058,2.0957,2.1465,2.1535,1.9931
1370,208.788,64.956,2.0879,2.2383,2.0711,1.9902
1371,208.9404,68.418,2.0898,2.2812,2.1011,1.9436
1372,209.0928,72.6555,2.0977,2.2344,2.0987,1.938
1373,209.2452,73.4077,2.1133,2.1113,2.1556,1.9294
1374,209.3976,72.8994,2.0957,1.9775,2.1491,1.9346
1375,209.55,69.2404,2.0898,1.8818,2.1335,1.9309
1376,209.7024,66.4204,2.0762,1.8447,2.1464,1.9386
1377,209.8548,63.6497,2.0371,1.8584,2.1288,1.885
1378,210.0072,63.8811,2.0469,1.8975,2.1469,1.8674
1379,210.1596,64.6807,2.0527,1.9443,2.1457,1.8543
1380,210.312,63.9562,2.0547,1.9912,2.155,1.8414
1381,210.4644,60.165,2.0566,2.0352,2.1245,1.8634
1382,210.6168,60.4122,2.0762,2.0664,2.1005,1.9104
1383,210.7692,60.9523,2.1094,2.0723,2.1166,1.9343
1384,210.9216,65.1841,2.1074,2.0527,2.1439,1.9636
1385,211.074,64.7343,2.1309,2.0234,2.1272,2.0007
1386,211.2264,64.8028,2.1348,2.0078,2.1457,1.9889
1387,211.3788,66.0927,2.084,2.0059,2.1081,1.9782
1388,211.5312,65.7771,2.0801,1.9941,2.1155,1.9142
1389,211.6836,65.6955,2.0684,1.9433,2.102,1.9285
1390,211.836,64.4374,2.0391,1.8623,2.1304,1.9074
1391,211.9884,68.743,2.0371,1.7861,2.1013,1.8929
1392,212.1408,70.5454,2.0371,1.7451,2.0928,1.902
1393,212.2932,70.9771,2.0391,1.752,2.0825,1.9395
1394,212.4456,67.0263,2.043,1.7959,2.0892,1.9346
1395,212.598,62.1577,2.0606,1.8701,2.0563,1.8826
1396,212.7504,57.1496,2.125,1.9776,2.0344,1.8608
1397,212.9028,55.8951,2.1387,2.1113,2.0031,1.8838
1398,213.0552,57.1982,2.1602,2.2363,1.932,1.8628
1399,213.2076,56.4585,2.1934,2.3047,1.8017,1.9065
1400,213.36,59.5433,2.2051,2.2832,1.8264,1.9866
1401,213.5124,63.7687,2.2129,2.1933,1.9219,1.9712
1402,213.6648,66.9457,2.2148,2.0879,2.0898,2.0026
1403,213.8172,67.9009,2.2344,2.0078,2.1418,2.0212
1404,213.9696,66.7194,2.2324,1.9707,2.1137,1.9445
1405,214.122,68.9661,2.2207,1.9863,2.1083,1.9383
1406,214.2744,68.2479,2.2227,2.0547,2.1483,1.9273
1407,214.42680000000001,66.9741,2.2246,2.1524,2.1751,2.0536
1408,214.57920000000001,64.3592,2.2109,2.2383,2.1783,2.0413
1409,214.73160000000001,62.0065,2.2324,2.2988,2.1491,1.9984
1410,214.88400000000001,59.705,2.2383,2.3516,2.1393,2.0679
1411,215.03640000000001,59.5035,2.2637,2.4199,2.0465,2.1297
1412,215.18880000000001,59.4839,2.2852,2.5059,2.0298,2.0111
1413,215.34120000000001,64.0006,2.2852,2.5859,1.9827,1.9161
1414,215.49360000000001,66.9183,2.291,2.627,2.0754,1.9803
1415,215.64600000000002,66.4102,2.3281,2.6172,2.1668,2.0263
1416,215.79840000000002,67.3389,2.3711,2.584,2.2847,2.0581
1417,215.95080000000002,68.8804,2.3711,2.5527,2.2927,2.1095
1418,216.10320000000002,73.2872,2.3906,2.5332,2.2936,2.1127
1419,216.25560000000002,74.9132,2.4043,2.5273,2.3041,2.148
1420,216.40800000000002,76.1085,2.4199,2.5371,2.2979,2.1484
1421,216.56040000000002,75.983,2.4199,2.5527,2.3003,2.1522
1422,216.71280000000002,77.6302,2.4336,2.5723,2.2996,2.1814
1423,216.86520000000002,77.8932,2.4336,2.5918,2.3053,2.1272
1424,217.01760000000002,80.2741,2.4297,2.5996,2.3081,2.1238
1425,217.17000000000002,77.6887,2.4258,2.5937,2.3117,2.1251
1426,217.32240000000002,77.3516,2.4238,2.5742,2.2819,2.0912
1427,217.47480000000002,75.6367,2.3926,2.5351,2.264,1.9747
1428,217.62720000000002,75.1205,2.3242,2.4746,2.1467,1.9811
1429,217.77960000000002,77.2709,2.3105,2.3945,2.0628,1.9163
1430,217.93200000000002,80.0582,2.3066,2.3125,2.0505,1.9288
1431,218.08440000000002,82.5367,2.3145,2.25,2.107,1.8713
1432,218.23680000000002,83.5063,2.3105,2.2246,2.1177,1.9888
1433,218.38920000000002,80.8164,2.3144,2.2207,2.1343,2.0393
1434,218.54160000000002,80.3404,2.2871,2.207,2.1019,2.0419
1435,218.69400000000002,76.7965,2.2715,2.1621,2.0812,2.0501
1436,218.84640000000002,78.9721,2.2793,2.0898,2.1292,1.9558
1437,218.99880000000002,78.2139,2.2598,2.0156,2.1946,1.9316
1438,219.15120000000002,76.0602,2.2129,1.96,2.268,1.9429
1439,219.30360000000002,74.4881,2.1894,1.9258,2.1798,1.9405
1440,219.45600000000002,74.7893,2.1543,1.9033,2.107,1.9053
1441,219.60840000000002,78.5359,2.1426,1.8848,2.0512,1.9092
1442,219.76080000000002,79.3245,2.1621,1.8691,2.0084,1.8571
1443,219.91320000000002,77.5033,2.1211,1.8594,2.0022,1.847
1444,220.06560000000002,74.8619,2.0352,1.8564,1.9952,1.8648
1445,220.21800000000002,70.9887,2.041,1.8604,2.0227,1.8614
1446,220.37040000000002,69.8088,2.0098,1.8701,2.0191,1.8879
1447,220.52280000000002,66.0616,1.9824,1.8838,2.0346,1.8751
1448,220.67520000000002,64.6034,1.9756,1.8975,2.0349,1.8722
1449,220.82760000000002,63.5318,1.9727,1.9111,2.0235,1.8812
1450,220.98000000000002,63.4043,1.9873,1.9307,2.0078,1.8812
1451,221.13240000000002,62.9332,2.0059,1.9619,2.0036,1.9155
1452,221.28480000000002,62.4345,2.0312,2.0078,2.0231,1.9377
1453,221.43720000000002,62.5451,2.0293,2.0645,2.0433,1.9374
1454,221.58960000000002,61.3842,2.0352,2.1191,2.0624,1.9297
1455,221.74200000000002,58.8049,2.0332,2.1523,2.088,1.952
1456,221.89440000000002,57.4632,2.041,2.1445,2.1014,1.9194
1457,222.04680000000002,58.8135,2.0391,2.1016,2.1227,1.9359
1458,222.19920000000002,63.1639,2.0352,2.043,2.1255,1.9454
1459,222.35160000000002,66.6145,2.0234,2.002,2.1231,1.8908
1460,222.50400000000002,65.8788,2.0195,1.9902,2.1204,1.8858
1461,222.65640000000002,64.2772,2.0156,2.0059,2.1097,1.9041
1462,222.80880000000002,63.7506,2.0059,2.0273,2.1214,1.9
1463,222.96120000000002,67.3892,1.9941,2.0352,2.1311,1.9014
1464,223.11360000000002,67.3576,1.9873,2.0234,2.1496,1.8949
1465,223.26600000000002,67.6515,1.9658,2.002,2.1525,1.8923
1466,223.41840000000002,65.7588,1.957,1.9785,2.1503,1.9044
1467,223.57080000000002,65.2702,1.9551,1.96,2.1405,1.8955
1468,223.72320000000002,66.6344,1.9531,1.9502,2.152,1.9065
1469,223.87560000000002,65.5489,1.9541,1.9473,2.1568,1.914
1470,224.02800000000002,66.7104,1.958,1.9492,2.173,1.9125
1471,224.18040000000002,67.3005,1.957,1.9541,2.1655,1.9065
1472,224.33280000000002,68.9661,1.9551,1.957,2.1694,1.8949
1473,224.48520000000002,66.0109,1.9521,1.957,2.1756,1.9167
1474,224.63760000000002,64.3049,1.9492,1.9521,2.1693,1.8815
1475,224.79000000000002,64.7111,1.9473,1.9424,2.1746,1.8529
1476,224.94240000000002,66.5669,1.9336,1.9277,2.1594,1.8619
1477,225.09480000000002,67.523,1.9277,1.9131,2.1579,1.8702
1478,225.24720000000002,69.1379,1.9238,1.9023,2.1488,1.8691
1479,225.39960000000002,71.8659,1.9111,1.8975,2.1345,1.8546
1480,225.55200000000002,72.1261,1.9043,1.8984,2.0996,1.8691
1481,225.70440000000002,69.5115,1.9004,1.9053,2.0772,1.8546
1482,225.85680000000002,65.4733,1.8877,1.9121,2.0649,1.8668
1483,226.00920000000002,65.25,1.8818,1.9131,2.0801,1.8908
1484,226.16160000000002,65.0507,1.8799,1.9082,2.0871,1.8949
1485,226.31400000000002,68.0561,1.874,1.8955,2.0998,1.9062
1486,226.46640000000002,65.2366,1.8623,1.8809,2.1077,1.8988
1487,226.61880000000002,65.1021,1.8564,1.8662,2.1085,1.8815
1488,226.77120000000002,63.7501,1.8535,1.8516,2.1189,1.874
1489,226.92360000000002,64.6974,1.8525,1.8398,2.1196,1.8665
1490,227.07600000000002,66.6833,1.8437,1.8311,2.133,1.8476
1491,227.22840000000002,66.6934,1.8281,1.8271,2.1268,1.8549
1492,227.38080000000002,67.6826,1.8223,1.8291,2.1174,1.8656
1493,227.53320000000002,64.6689,1.8203,1.833,2.1144,1.8639
1494,227.68560000000002,64.399,1.8164,1.834,2.1111,1.835
1495,227.83800000000002,66.0492,1.8115,1.8311,2.1234,1.8331
1496,227.99040000000002,67.2798,1.8066,1.8242,2.1114,1.8312
1497,228.14280000000002,68.5357,1.8057,1.8174,2.0986,1.8254
1498,228.29520000000002,65.7502,1.8096,1.8125,2.0935,1.8392
1499,228.44760000000002,64.2911,1.8105,1.8105,2.0984,1.8254
1500,228.60000000000002,62.539,1.8135,1.8154,2.1152,1.8406
1501,228.75240000000002,63.3764,1.8145,1.8262,2.1114,1.835
1502,228.90480000000002,62.3387,1.8154,1.8359,2.0866,1.817
1503,229.05720000000002,62.032,1.8164,1.8398,2.0763,1.8216
1504,229.20960000000002,61.7312,1.8135,1.8301,2.0584,1.8041
1505,229.36200000000002,64.1683,1.8135,1.8096,2.0731,1.8102
1506,229.51440000000002,66.1589,1.8105,1.7842,2.0781,1.8243
1507,229.66680000000002,67.6417,1.8057,1.7617,2.094,1.8386
1508,229.81920000000002,69.5359,1.8018,1.748,2.1101,1.8549
1509,229.97160000000002,71.0775,1.7939,1.7451,2.1119,1.8574
1510,230.12400000000002,70.6315,1.793,1.752,2.1213,1.847
1511,230.27640000000002,73.092,1.7949,1.7676,2.1163,1.852
1512,230.42880000000002,74.1194,1.7979,1.791,2.1092,1.8523
1513,230.58120000000002,76.788,1.8037,1.8164,2.0918,1.832
1514,230.73360000000002,75.0208,1.8096,1.8408,2.0934,1.7729
1515,230.88600000000002,76.8431,1.8145,1.8555,2.1096,1.7573
1516,231.03840000000002,76.5954,1.8213,1.8535,2.1239,1.7879
1517,231.19080000000002,76.0385,1.8242,1.8369,2.1161,1.8049
1518,231.34320000000002,78.2098,1.8271,1.8135,2.104,1.8389
1519,231.49560000000002,79.8703,1.832,1.7949,2.1023,1.874
1520,231.64800000000002,83.9554,1.832,1.7871,2.0997,1.8536
1521,231.80040000000002,82.4068,1.832,1.79,2.1008,1.8489
1522,231.95280000000002,84.7106,1.8262,1.7979,2.0874,1.8425
1523,232.10520000000002,86.1381,1.8242,1.8057,2.0779,1.8545
1524,232.25760000000002,88.3934,1.8262,1.8086,2.0808,1.8584
1525,232.41000000000003,88.7476,1.8193,1.8066,2.0866,1.8443
1526,232.56240000000003,84.1893,1.8174,1.8027,2.0884,1.8651
1527,232.71480000000003,80.9828,1.8184,1.7988,2.0812,1.8423
1528,232.86720000000003,80.7697,1.8164,1.7969,2.0859,1.8398
1529,233.01960000000003,84.2778,1.8164,1.7969,2.088,1.8623
1530,233.17200000000003,89.2155,1.8184,1.7979,2.063,1.8537
1531,233.32440000000003,87.9005,1.8174,1.7988,2.0264,1.8256
1532,233.47680000000003,85.0364,1.8174,1.7988,2.0171,1.843
1533,233.62920000000003,78.8186,1.8145,1.7959,2.0486,1.8444
1534,233.78160000000003,77.5831,1.8105,1.793,2.0858,1.8518
1535,233.93400000000003,79.1157,1.8086,1.79,2.0986,1.8512
1536,234.08640000000003,82.3539,1.8057,1.7861,2.0868,1.8537
1537,234.2388,80.4386,1.8018,1.7803,2.0581,1.8617
1538,234.3912,81.157,1.7939,1.7725,2.038,1.8539
1539,234.5436,80.4071,1.7842,1.7617,2.0307,1.8638
1540,234.696,81.1547,1.7764,1.75,2.044,1.8457
1541,234.8484,82.485,1.7715,1.7393,2.0283,1.8224
1542,235.0008,81.6338,1.7666,1.7295,2.0133,1.8119
1543,235.1532,83.216,1.7627,1.7246,2.0158,1.813
1544,235.3056,81.1704,1.7568,1.7285,2.0092,1.8281
1545,235.458,80.698,1.7539,1.7393,2.0289,1.8339
1546,235.6104,78.4906,1.7529,1.7529,2.0129,1.8364
1547,235.7628,74.6163,1.7539,1.7617,2.0405,1.8394
1548,235.9152,73.8763,1.7598,1.7627,2.0437,1.8369
1549,236.0676,74.5272,1.7646,1.7598,2.0652,1.8159
1550,236.22,77.5743,1.7676,1.7578,2.0939,1.7825
1551,236.3724,76.8108,1.7695,1.7598,2.1214,1.7836
1552,236.5248,76.6897,1.7705,1.7637,2.1497,1.7841
1553,236.6772,76.5254,1.7734,1.7666,2.1417,1.8022
1554,236.8296,76.1696,1.7754,1.7676,2.0844,1.7924
1555,236.982,77.8728,1.7754,1.7666,2.0281,1.8004
1556,237.1344,79.4905,1.7744,1.7666,1.9806,1.8208
1557,237.2868,83.0608,1.7813,1.7705,1.9655,1.8252
1558,237.4392,82.9668,1.7822,1.7754,1.9527,1.8411
1559,237.5916,80.1618,1.7813,1.7793,1.9157,1.8356
1560,237.744,77.9283,1.7822,1.7803,1.8065,1.8284
1561,237.8964,76.4785,1.7812,1.7783,1.7288,1.8309
1562,238.0488,78.7538,1.7803,1.7744,1.6818,1.8353
1563,238.2012,79.7068,1.7832,1.7705,1.6907,1.8702
1564,238.3536,78.2899,1.7861,1.7715,1.6812,1.8518
1565,238.506,78.5834,1.7891,1.7783,1.677,1.8434
1566,238.6584,77.3613,1.792,1.791,1.6833,1.8425
1567,238.8108,79.4586,1.7939,1.8057,1.6824,1.8328
1568,238.9632,78.5327,1.7949,1.8145,1.6913,1.842
1569,239.1156,78.2347,1.8008,1.8154,1.6711,1.8566
1570,239.268,77.2639,1.8047,1.8096,1.6632,1.8717
1571,239.4204,76.264,1.8076,1.7988,1.6473,1.8876
1572,239.5728,79.5509,1.8086,1.79,1.6404,1.8806
1573,239.7252,80.5393,1.8115,1.7852,1.663,1.8938
1574,239.8776,80.3202,1.8105,1.7832,1.6946,1.9005
1575,240.03,81.3668,1.8115,1.7842,1.7318,1.9089
1576,240.1824,80.7766,1.8096,1.7842,1.7679,1.9065
1577,240.3348,82.6217,1.8096,1.7842,1.7998,1.8991
1578,240.4872,77.9661,1.8096,1.7842,1.8154,1.8651
1579,240.6396,75.8504,1.8105,1.7852,1.7978,1.8425
1580,240.792,74.4494,1.8145,1.7881,1.7673,1.8345
1581,240.9444,76.9691,1.8203,1.7939,1.7799,1.8293
1582,241.0968,79.8567,1.832,1.8008,1.8112,1.8456
1583,241.2492,80.8782,1.834,1.8066,1.8606,1.8331
1584,241.4016,79.7422,1.8242,1.8086,1.9006,1.8208
1585,241.554,78.617,1.8281,1.8057,1.933,1.8156
1586,241.7064,78.1607,1.8291,1.8008,1.9508,1.7996
1587,241.8588,74.3057,1.8242,1.792,1.9572,1.7744
1588,242.0112,75.0929,1.8223,1.7764,1.9513,1.777
1589,242.1636,74.3256,1.8125,1.7539,1.9306,1.7895
1590,242.316,76.2883,1.8086,1.7305,1.8922,1.7924
1591,242.4684,75.0521,1.8066,1.7148,1.8788,1.8078
1592,242.6208,74.1274,1.8066,1.7158,1.8722,1.8714
1593,242.7732,74.0806,1.8027,1.7344,1.8889,1.8665
1594,242.9256,72.9074,1.7969,1.7617,1.8798,1.8543
1595,243.078,70.7255,1.793,1.7861,1.886,1.8676
1596,243.2304,72.2832,1.791,1.7988,1.867,1.8631
1597,243.3828,71.6435,1.7891,1.7939,1.8415,1.8699
1598,243.5352,72.2584,1.79,1.7764,1.7802,1.8809
1599,243.6876,71.7674,1.7881,1.7529,1.7748,1.8777
1600,243.84,75.796,1.7822,1.7324,1.7694,1.8949
1601,243.9924,75.3487,1.7803,1.7207,1.7717,1.8976
1602,244.1448,72.6567,1.7773,1.7188,1.7416,1.9134
1603,244.2972,71.2606,1.7754,1.7236,1.7454,1.9209
1604,244.4496,77.0565,1.7725,1.7324,1.7395,1.914
1605,244.602,80.8627,1.7725,1.7432,1.7376,1.8794
1606,244.7544,78.8759,1.7734,1.7568,1.7241,1.8453
1607,244.9068,75.6237,1.7734,1.7705,1.7256,1.8057
1608,245.0592,73.784,1.7734,1.7822,1.7553,1.7809
1609,245.2116,77.3568,1.7744,1.7861,1.7859,1.7752
1610,245.364,80.6525,1.7803,1.7822,1.8557,1.7869
1611,245.5164,79.8988,1.7783,1.7725,1.9272,1.8257
1612,245.6688,76.0037,1.7803,1.7637,1.8948,1.8509
1613,245.8212,75.5899,1.7803,1.7578,1.9247,1.8456
1614,245.9736,77.9892,1.7803,1.7568,1.8995,1.8602
1615,246.126,83.3208,1.7852,1.7607,1.8843,1.8679
1616,246.2784,81.5456,1.7861,1.7646,1.7866,1.8597
1617,246.4308,83.763,1.7842,1.7646,1.7724,1.86
1618,246.5832,83.0195,1.7881,1.7598,1.7624,1.8588
1619,246.7356,83.4432,1.7852,1.752,1.7753,1.849
1620,246.888,81.4514,1.7822,1.7422,1.7672,1.8617
1621,247.0404,83.5393,1.7861,1.7373,1.7586,1.86
1622,247.1928,84.3772,1.7939,1.7393,1.7524,1.8588
1623,247.3452,85.2683,1.7939,1.748,1.7743,1.8501
1624,247.4976,82.8771,1.7852,1.7588,1.781,1.858
1625,247.65,83.9231,1.7842,1.7686,1.7769,1.8628
1626,247.8024,85.79,1.7822,1.7715,1.7693,1.8406
1627,247.9548,86.7537,1.7793,1.7676,1.7931,1.8668
1628,248.1072,87.0571,1.7783,1.7607,1.82,1.8546
1629,248.2596,87.6842,1.7754,1.7549,1.8372,1.8571
1630,248.412,87.261,1.7754,1.751,1.8505,1.8506
1631,248.5644,87.0037,1.7744,1.752,1.8526,1.8273
1632,248.7168,90.4438,1.7783,1.7568,1.8613,1.8271
1633,248.8692,94.2213,1.7764,1.7627,1.8656,1.8254
1634,249.0216,94.2552,1.7734,1.7695,1.8678,1.8328
1635,249.174,89.3298,1.7773,1.7754,1.853,1.8445
1636,249.3264,86.4027,1.7803,1.7773,1.8572,1.8574
1637,249.4788,87.3603,1.7861,1.7764,1.8606,1.856
1638,249.6312,86.2685,1.7881,1.7754,1.8694,1.8501
1639,249.7836,88.0818,1.791,1.7754,1.8679,1.8602
1640,249.936,85.8855,1.7891,1.7764,1.8518,1.8566
1641,250.0884,90.4624,1.7939,1.7793,1.8353,1.8611
1642,250.2408,88.5157,1.7988,1.7822,1.8175,1.8728
1643,250.3932,90.3282,1.8037,1.7852,1.7914,1.8743
1644,250.5456,87.9744,1.8057,1.7891,1.777,1.8731
1645,250.698,86.1348,1.8135,1.7979,1.7742,1.8734
1646,250.8504,86.1845,1.8203,1.8115,1.7802,1.8697
1647,251.0028,87.0043,1.8232,1.8262,1.7627,1.8651
1648,251.1552,90.7761,1.833,1.8369,1.7863,1.86
1649,251.3076,93.578,1.8408,1.8418,1.8274,1.8585
1650,251.46,91.2077,1.8428,1.8408,1.851,1.8577
1651,251.6124,89.1541,1.8408,1.8379,1.8388,1.8543
1652,251.7648,85.8329,1.8408,1.8398,1.8056,1.8574
1653,251.9172,86.2086,1.8369,1.8447,1.8383,1.8543
1654,252.0696,86.9994,1.8389,1.8506,1.9152,1.8484
1655,252.222,87.4163,1.8379,1.8545,2.047,1.8384
1656,252.3744,87.2889,1.8379,1.8525,2.1706,1.8345
1657,252.5268,85.7432,1.8379,1.8467,2.1597,1.8492
1658,252.6792,86.074,1.8418,1.8398,2.1363,1.8671
1659,252.8316,86.2179,1.8506,1.834,2.0859,1.8682
1660,252.984,86.6692,1.8525,1.8252,2.058,1.8768
1661,253.1364,86.7459,1.8525,1.8135,2.0518,1.8795
1662,253.2888,87.743,1.8525,1.8027,2.0415,1.8745
1663,253.4412,88.4379,1.8428,1.7979,2.0116,1.8766
1664,253.5936,86.9036,1.834,1.8018,1.9421,1.8815
1665,253.746,88.4802,1.834,1.8105,1.9179,1.8665
1666,253.8984,89.0549,1.8369,1.8193,1.8897,1.8639
1667,254.0508,90.336,1.8369,1.8232,1.8732,1.8526
1668,254.2032,88.533,1.8438,1.8262,1.8448,1.8594
1669,254.3556,88.4537,1.8467,1.833,1.8157,1.8563
1670,254.508,91.8349,1.8457,1.8457,1.8014,1.8608
1671,254.6604,92.7504,1.8564,1.8633,1.8036,1.8662
1672,254.8128,93.7701,1.8682,1.8789,1.818,1.8518
1673,254.9652,89.2823,1.8701,1.8857,1.837,1.8783
1674,255.1176,89.4088,1.875,1.8828,1.8442,1.8699
1675,255.27,89.6563,1.8809,1.875,1.8496,1.8628
1676,255.4224,91.1411,1.8867,1.8662,1.8961,1.8697
1677,255.5748,90.3736,1.8896,1.8633,1.9194,1.8841
1678,255.7272,89.4895,1.8896,1.8672,1.9252,1.8824
1679,255.8796,88.1559,1.8916,1.8779,1.879,1.8783
1680,256.03200000000004,89.1476,1.8926,1.8945,1.8911,1.8722
1681,256.18440000000004,89.8042,1.8936,1.9131,1.9185,1.8639
1682,256.33680000000004,90.5999,1.8926,1.9297,1.9624,1.8639
1683,256.48920000000004,94.508,1.8936,1.9395,1.9758,1.8938
1684,256.64160000000004,94.838,1.8936,1.9414,1.9884,1.92
1685,256.79400000000004,97.7861,1.8945,1.9365,2.0173,1.9334
1686,256.94640000000004,93.9911,1.8916,1.9268,2.0464,1.9395
1687,257.09880000000004,91.6086,1.8955,1.9199,2.0498,1.8699
1688,257.25120000000004,88.7031,1.9043,1.9209,2.032,1.8406
1689,257.40360000000004,90.4329,1.9033,1.9316,2.034,1.8617
1690,257.55600000000004,92.1346,1.9063,1.9502,2.0441,1.8478
1691,257.70840000000004,94.7146,1.9072,1.9697,2.0826,1.8859
1692,257.86080000000004,95.1779,1.9111,1.9863,2.0905,1.9454
1693,258.01320000000004,95.5933,1.9268,2.002,2.0814,1.9696
1694,258.16560000000004,95.5615,1.9385,2.0176,2.0803,1.9423
1695,258.31800000000004,95.2074,1.9365,2.0332,2.1292,1.9598
1696,258.47040000000004,94.8104,1.9404,2.041,2.1715,1.9352
1697,258.62280000000004,94.7935,1.9424,2.0371,2.1943,1.92
1698,258.77520000000004,92.6984,1.9434,2.0254,2.1477,1.9507
1699,258.92760000000004,91.5316,1.9404,2.0059,2.122,1.9677
1700,259.08000000000004,87.7484,1.9365,1.9853,2.1175,1.9773
1701,259.23240000000004,88.5959,1.9404,1.9619,2.1345,1.9751
1702,259.38480000000004,90.9287,1.9414,1.9453,2.1543,1.9623
1703,259.53720000000004,96.2989,1.9414,1.9502,2.1464,1.9674
1704,259.68960000000004,98.1209,1.9395,1.9805,2.1611,1.9866
1705,259.84200000000004,97.3352,1.9414,2.0254,2.1552,2.0
1706,259.99440000000004,93.2772,1.9395,2.0547,2.1788,1.963
1707,260.1468,91.3622,1.9385,2.0488,2.1791,1.9627
1708,260.2992,88.5381,1.9375,2.0059,2.2014,1.9655
1709,260.4516,89.1067,1.9365,1.9512,2.1825,1.9479
1710,260.604,87.975,1.9199,1.9092,2.178,1.9763
1711,260.7564,90.7315,1.9121,1.8857,2.1771,1.9598
1712,260.9088,88.2351,1.9102,1.877,2.1797,1.9696
1713,261.0612,86.4757,1.9141,1.876,2.1704,1.9492
1714,261.2136,85.2146,1.9102,1.8799,2.1673,1.9611
1715,261.366,89.1153,1.9072,1.8906,2.1728,1.9564
1716,261.5184,91.2924,1.9082,1.9111,2.183,1.952
1717,261.6708,91.258,1.9092,1.9346,2.1815,1.9405
1718,261.8232,88.9455,1.9248,1.9512,2.1749,1.9303
1719,261.9756,89.938,1.9404,1.958,2.1685,1.9349
1720,262.128,91.8661,1.9424,1.9551,2.1514,1.9402
1721,262.2804,94.9624,1.9434,1.9453,2.1335,1.9576
1722,262.4328,94.8059,1.9434,1.9336,2.1195,1.9185
1723,262.5852,95.916,1.9316,1.918,2.1134,1.9
1724,262.7376,92.2257,1.9248,1.9023,2.0987,1.8891
1725,262.89,90.843,1.9248,1.8877,2.0547,1.8902
1726,263.0424,87.7229,1.918,1.8799,2.05,1.9038
1727,263.1948,92.8811,1.9082,1.8789,2.0459,1.9155
1728,263.3472,94.3496,1.9004,1.8818,2.076,1.8967
1729,263.4996,96.5671,1.8965,1.8828,2.055,1.8879
1730,263.652,94.5589,1.8916,1.877,2.02,1.8795
1731,263.8044,95.2881,1.877,1.8594,1.9806,1.8731
1732,263.9568,93.3843,1.8652,1.835,1.9694,1.8751
1733,264.1092,92.3677,1.8633,1.8096,1.9726,1.876
1734,264.2616,89.3893,1.8623,1.791,1.985,1.8659
1735,264.414,89.8714,1.8594,1.7832,1.9831,1.8662
1736,264.5664,90.9489,1.8584,1.7871,1.9984,1.8625
1737,264.7188,93.9616,1.8564,1.8027,2.0523,1.8551
1738,264.8712,96.2725,1.8574,1.8252,2.089,1.8577
1739,265.0236,96.6741,1.8584,1.8457,2.1016,1.8498
1740,265.176,96.2742,1.8564,1.8574,2.0885,1.8671
1741,265.3284,95.3049,1.8555,1.8545,2.0756,1.8694
1742,265.4808,95.6447,1.8555,1.8389,2.0878,1.8708
1743,265.6332,100.7192,1.8564,1.8174,2.0604,1.8789
1744,265.7856,101.8468,1.8535,1.7988,2.027,1.8702
1745,265.938,101.5481,1.8418,1.79,2.0309,1.8737
1746,266.0904,97.7344,1.8467,1.793,2.0467,1.8699
1747,266.2428,98.1503,1.8467,1.8106,2.0783,1.8654
1748,266.3952,99.0118,1.8467,1.8447,2.0443,1.8448
1749,266.5476,99.4553,1.8525,1.8867,2.0816,1.8331
2037,310.4388,72.7148,2.209,1.7842,2.067,2.1459
2038,310.5912,70.7199,2.2031,1.748,2.0222,2.1399
2039,310.7436,70.9017,2.1934,1.7656,1.9937,2.1318
2040,310.896,67.7075,2.1738,1.8066,1.8364,2.1051
2041,311.0484,66.9003,2.1152,1.8418,1.7443,2.0941
2042,311.2008,65.9302,2.0137,1.8584,1.6629,2.0595
2043,311.3532,66.0042,1.9639,1.8545,1.6596,2.0505
2044,311.5056,61.7424,1.9609,1.8408,1.6805,2.0229
2045,311.658,61.1382,1.9746,1.8271,1.713,2.0062
2046,311.8104,64.2508,1.9795,1.8223,1.7725,2.0297
2047,311.9628,70.4171,1.9883,1.8477,1.8253,2.0296
2048,312.1152,70.1359,2.0039,1.9307,1.9116,2.0293
2049,312.2676,67.3748,2.0625,2.084,2.0011,2.0323
2050,312.42,64.7971,2.1777,2.2852,2.1149,2.0399
2051,312.5724,65.5597,2.2305,2.4512,2.1755,2.0803
2052,312.7248,69.4271,2.2422,2.4902,2.1688,2.0863
2053,312.8772,70.609,2.25,2.3984,2.1445,2.1228
2054,313.0296,71.1415,2.2559,2.2676,2.0983,2.0577
2055,313.182,69.9068,2.2344,2.1719,2.0804,2.0334
2056,313.3344,69.8566,2.1895,2.1328,2.017,2.0092
2057,313.4868,69.8544,2.1152,2.1445,1.9963,1.9912
2058,313.6392,67.1148,2.0938,2.1836,1.9624,1.9977
2059,313.7916,66.7825,2.0938,2.2285,1.9726,2.0063
2060,313.944,65.014,2.1211,2.2559,1.9692,2.0619
2061,314.0964,67.5433,2.1211,2.2578,1.9971,2.0898
2062,314.2488,70.9647,2.0527,2.2363,2.061,2.1148
2063,314.4012,75.4064,2.0117,2.1836,2.0974,2.1046
2064,314.5536,77.4452,1.998,2.1074,2.1622,2.0953
2065,314.706,75.7621,1.9854,2.0352,2.1504,2.0704
2066,314.8584,74.7966,1.957,1.9902,2.1203,2.0548
2067,315.0108,75.0904,1.9482,1.9824,2.076,2.0197
2068,315.1632,77.8453,1.9502,1.9971,2.0576,2.0147
2069,315.3156,78.4094,1.958,2.0039,2.0556,2.0205
2070,315.468,80.2813,1.9668,1.9902,2.0598,2.0034
2071,315.6204,79.0137,1.9619,1.9609,2.0708,1.9531
2072,315.7728,79.0862,1.9268,1.9404,2.0808,1.9458
2073,315.9252,75.9582,1.9639,1.9424,2.087,1.9014
2074,316.0776,76.9716,1.9707,1.9619,2.0853,1.9498
2075,316.23,76.6902,1.9717,1.9854,2.0828,1.9408
2076,316.3824,77.1216,1.9805,2.0,2.0933,1.9744
2077,316.5348,72.5947,1.9912,2.0059,2.1237,1.9974
2078,316.6872,70.122,1.9971,2.0059,2.1479,2.001
2079,316.8396,69.7504,2.0,2.0117,2.1592,2.0172
2080,316.992,71.0289,2.0039,2.0254,2.1631,2.0202
2081,317.1444,73.1957,1.9961,2.0469,2.1602,2.0622
2082,317.2968,72.022,1.9756,2.0586,2.1433,2.0873
2083,317.4492,72.5967,1.9814,2.0527,2.1253,2.0591
2084,317.6016,73.3605,1.9863,2.0254,2.145,2.045
2085,317.754,73.1131,1.999,1.9922,2.1196,2.0226
2086,317.9064,74.6263,2.0176,1.9717,2.1141,2.0313
2087,318.0588,72.6575,2.043,1.9805,2.0642,2.0269
2088,318.2112,75.8041,2.0664,2.0215,2.0931,2.0155
2089,318.3636,77.0122,2.084,2.084,2.0932,2.0529
2090,318.516,76.5196,2.1016,2.1465,2.1542,2.0654
2091,318.6684,77.7681,2.1289,2.1855,2.1526,2.0678
2092,318.8208,75.0375,2.1426,2.1895,2.2287,2.0995
2093,318.9732,75.3311,2.1484,2.1621,2.2048,2.0823
2094,319.1256,73.1166,2.1465,2.1152,2.2065,2.0574
2095,319.278,75.3603,2.1367,2.0703,2.0179,2.0615
2096,319.4304,77.3401,2.1289,2.041,1.9317,2.0511
2097,319.5828,76.1794,2.1191,2.0352,1.8396,2.0902
2098,319.7352,74.1325,2.1094,2.0605,1.8721,2.0749
2099,319.8876,72.9425,2.1016,2.1074,1.9082,2.0898
2100,320.04,72.7202,2.1016,2.166,1.9803,2.0749
2101,320.1924,70.279,2.1016,2.2207,2.0618,2.0752
2102,320.3448,68.5201,2.1094,2.2539,2.1025,2.0827
2103,320.4972,66.3697,2.1152,2.2578,2.1045,2.082
2104,320.6496,68.1546,2.1152,2.2285,2.0887,2.1159
2105,320.802,72.5852,2.1133,2.1758,2.0875,2.1167
2106,320.9544,78.3605,2.1094,2.1113,2.094,2.1137
2107,321.1068,81.6174,2.1094,2.0449,2.0934,2.1442
2108,321.2592,81.0626,2.0664,1.9854,2.0861,2.1093
2109,321.4116,79.5147,2.0391,1.9307,2.014,2.0682
2110,321.564,75.5688,2.0313,1.8828,1.9241,2.045
2111,321.7164,72.8431,2.0,1.8457,1.9344,2.0076
2112,321.8688,71.7883,1.9609,1.8252,1.9964,1.9699
2113,322.0212,70.9741,1.9482,1.8223,2.1183,1.9841
2114,322.1736,70.474,1.9395,1.8291,2.1215,1.9611
2115,322.326,67.9767,1.918,1.8389,2.1291,1.9294
2116,322.4784,67.384,1.8896,1.8467,2.1192,1.9728
2117,322.6308,65.9247,1.8613,1.8467,2.1273,2.0046
2118,322.7832,64.28,1.8535,1.834,2.1327,2.0246
2119,322.9356,63.8184,1.8467,1.8057,2.139,1.9935
2120,323.088,63.0608,1.8301,1.7676,2.1403,1.9712
2121,323.2404,64.2007,1.8125,1.7285,2.1366,1.9386
2122,323.3928,64.7752,1.8066,1.7061,2.1355,1.9146
2123,323.5452,64.8546,1.8018,1.7139,2.1252,1.9454
2124,323.6976,63.6303,1.8086,1.7559,2.1326,1.9457
2125,323.85,64.5906,1.7539,1.8193,2.1451,1.9873
2126,324.0024,65.7423,1.7314,1.8789,2.1567,2.0036
2127,324.1548,66.8445,1.7334,1.9014,2.1453,2.003
2128,324.3072,68.2047,1.7373,1.874,2.1421,1.9925
2129,324.4596,69.1077,1.7529,1.8174,2.0013,1.9611
2130,324.612,70.5685,1.7783,1.7656,1.913,2.0139
2131,324.7644,70.2511,1.7979,1.749,1.8157,2.0149
2132,324.9168,70.7243,1.8359,1.7842,1.8258,2.0046
2133,325.0692,71.1607,1.8242,1.8613,1.8057,2.0175
2134,325.2216,75.9974,1.8174,1.9443,1.8336,1.9538
2135,325.374,80.5201,1.8086,1.9844,1.8909,1.9783
2136,325.5264,84.472,1.8174,1.9463,1.909,1.9776
2137,325.6788,84.5576,1.8301,1.8496,1.8963,2.0036
2138,325.8312,83.2212,1.8574,1.752,1.7552,1.9944
2139,325.9836,81.7223,1.8896,1.7051,1.6505,1.9371
2140,326.136,80.769,1.9209,1.7324,1.5704,1.9576
2141,326.2884,80.3705,1.9131,1.8271,1.6095,1.9548
2142,326.4408,86.2693,1.8896,1.9395,1.7664,1.957
2143,326.5932,87.6737,1.8857,1.9893,1.9588,2.0226
2144,326.7456,89.8696,1.8662,1.9287,2.1217,2.0046
2145,326.898,86.0809,1.8477,1.7988,2.0847,1.9065
2146,327.0504,79.385,1.8359,1.6768,2.0868,1.8295
2147,327.2028,72.54,1.835,1.6143,1.9528,1.8392
2148,327.3552,65.9394,1.8389,1.6279,2.0026,1.7882
2149,327.5076,67.4691,1.8486,1.7119,2.015,1.8554
2150,327.66,70.9294,1.8809,1.8428,2.1687,1.914
2151,327.8124,74.0778,1.9971,1.9795,2.1366,1.9291
2152,327.9648,80.9125,2.0879,2.082,2.1391,2.0076
2153,328.1172,82.9372,2.0977,2.1367,2.1429,2.0657
2154,328.2696,87.8037,2.1074,2.1523,2.1455,2.0777
2155,328.422,87.8377,2.1133,2.1406,2.1505,2.0845
2156,328.5744,92.6876,2.1172,2.1074,2.1529,2.1057
2157,328.7268,94.8149,2.1172,2.0703,2.1593,2.1281
2158,328.8792,95.6832,2.1133,2.0469,2.0581,2.1472
2159,329.0316,95.245,2.1055,2.0488,2.0043,2.13
2160,329.184,91.8267,2.0762,2.0723,1.9299,2.1086
2161,329.3364,86.7711,1.9805,2.1016,1.9277,2.0388
2162,329.4888,84.6596,1.9727,2.1191,1.8924,2.0266
2163,329.6412,82.789,1.9658,2.1172,1.8975,2.0354
2164,329.7936,82.3295,1.96,2.1074,1.9561,2.0313
2165,329.946,81.1054,1.9541,2.0977,2.0378,2.0106
2166,330.0984,79.1216,1.9512,2.0859,2.1093,2.0602
2167,330.2508,77.7094,1.9492,2.0664,2.1258,2.0023
2168,330.4032,72.0163,1.9482,2.0391,2.1216,2.0129
2169,330.5556,70.8974,1.9482,2.0098,2.1451,1.9873
2170,330.708,69.0804,1.9473,1.9902,2.1714,1.9799
2171,330.8604,67.8392,1.9473,1.9883,2.1901,1.9971
2172,331.0128,67.4037,1.9482,1.998,2.1788,1.9879
2173,331.1652,68.3921,1.9482,2.0078,2.1573,1.9799
2174,331.3176,71.0042,1.9482,2.0156,2.148,1.9905
2175,331.47,72.8306,1.9482,2.0176,2.1459,2.0086
2176,331.6224,71.2192,1.9482,2.0176,2.0748,2.0388
2177,331.7748,70.2712,1.9482,2.0137,2.0367,2.0279
2178,331.9272,66.9094,1.9492,2.0117,1.9717,2.0317
2179,332.0796,67.2751,1.9521,2.0098,1.9086,1.9883
2180,332.232,67.1285,1.957,2.0098,1.8421,1.9715
2181,332.3844,68.5147,1.958,2.0117,1.8229,2.0175
2182,332.5368,72.1678,1.9609,2.0117,1.915,2.0162
2183,332.6892,72.6087,1.9648,2.0117,2.0367,2.0269
2184,332.8416,73.1923,1.9678,2.0117,2.1736,2.083
2185,332.994,73.2603,1.9814,2.0098,2.2155,2.0636
2186,333.1464,73.9791,2.0332,2.0078,2.225,2.0334
2187,333.2988,72.3787,2.0273,2.0039,2.2351,2.0347
2188,333.45120000000003,70.947,2.0313,1.9941,2.2032,2.0232
2189,333.60360000000003,70.0722,2.0156,1.9795,2.1544,1.9899
2190,333.75600000000003,71.7704,2.0098,1.9639,2.1261,1.9331
2191,333.90840000000003,72.4514,2.0059,1.9551,2.0857,1.8988
2192,334.06080000000003,73.1006,2.002,1.9619,2.0616,1.902
2193,334.21320000000003,71.6013,1.9961,1.9863,2.0359,1.9044
2194,334.36560000000003,69.7396,1.9854,2.0156,2.0612,1.9532
2195,334.51800000000003,71.3945,1.9795,2.0293,2.0726,2.0023
2196,334.67040000000003,75.0826,1.9736,2.0039,2.1124,2.0049
2197,334.82280000000003,78.6902,1.9658,1.9385,2.1103,2.0269
2198,334.97520000000003,78.0665,1.9014,1.8613,2.074,1.9831
2199,335.12760000000003,76.7697,1.8799,1.8076,2.0248,2.0016
2200,335.28000000000003,71.5945,1.8779,1.793,2.0311,2.0046
2201,335.43240000000003,68.9625,1.875,1.8154,2.07,1.9783
2202,335.58480000000003,66.1667,1.874,1.8564,2.099,1.986
2203,335.73720000000003,65.2074,1.874,1.8945,2.0221,2.0119
2204,335.88960000000003,64.7616,1.876,1.917,2.0158,2.0169
2205,336.04200000000003,67.4687,1.8887,1.9258,1.9822,1.9957
2206,336.19440000000003,74.9441,1.8955,1.9258,1.9903,1.9905
2207,336.34680000000003,79.2694,1.9004,1.9199,1.9736,1.9751
2208,336.49920000000003,80.4549,1.9131,1.9111,1.9954,1.9582
2209,336.65160000000003,79.1539,1.9531,1.9043,2.069,1.9611
2210,336.80400000000003,79.255,1.9756,1.9033,2.1004,1.9841
2211,336.95640000000003,80.3245,1.9785,1.9072,2.132,2.0046
2212,337.10880000000003,75.4596,1.9785,1.9141,2.1278,2.0139
2213,337.26120000000003,72.8396,1.9775,1.9209,2.1446,1.9912
2214,337.41360000000003,69.8993,1.9785,1.9287,2.1472,2.0013
2215,337.56600000000003,68.1841,1.9258,1.9297,2.1402,2.0115
2216,337.71840000000003,67.0242,1.8857,1.9189,2.1522,2.0106
2217,337.87080000000003,66.5559,1.8799,1.8955,2.1678,2.0092
2218,338.02320000000003,65.5565,1.876,1.8662,2.1935,2.0102
2219,338.17560000000003,65.1627,1.8672,1.8408,2.1811,2.0007
2220,338.32800000000003,64.4325,1.8643,1.8311,2.1514,1.9722
2221,338.48040000000003,69.8707,1.8623,1.8398,2.1123,1.9722
2222,338.63280000000003,70.8422,1.8613,1.8682,2.0954,1.9773
2223,338.78520000000003,71.4466,1.8643,1.9082,2.0914,1.963
2224,338.93760000000003,71.003,1.8643,1.9531,2.0903,1.9592
2225,339.09000000000003,70.2957,1.8643,1.9854,2.1273,1.9545
2226,339.24240000000003,70.5649,1.8613,1.9912,2.1591,1.9715
2227,339.39480000000003,69.0937,1.8613,1.9639,2.2009,1.985
2228,339.54720000000003,71.7439,1.8613,1.9111,2.1585,1.9529
2229,339.69960000000003,69.4314,1.8711,1.8506,2.1627,1.9834
2230,339.85200000000003,69.9876,1.8838,1.8037,2.1615,1.9951
2231,340.00440000000003,70.5673,1.8838,1.7842,2.1914,1.9948
2232,340.15680000000003,71.1928,1.8877,1.7959,2.1614,2.0059
2233,340.30920000000003,71.7001,1.8711,1.8271,2.149,2.0429
2234,340.46160000000003,68.2517,1.832,1.8584,2.1255,2.048
2235,340.61400000000003,68.7894,1.8311,1.874,2.138,2.0515
2236,340.76640000000003,67.1558,1.8301,1.8682,2.1452,2.0142
2237,340.91880000000003,67.0348,1.8271,1.8525,2.1398,1.9899
2238,341.07120000000003,65.3974,1.8301,1.8438,2.0939,1.9684
2239,341.22360000000003,63.8783,1.8281,1.8486,2.0584,1.9374
2240,341.37600000000003,65.3799,1.8164,1.8555,2.0343,1.9297
2241,341.52840000000003,68.9477,1.8154,1.8438,2.0457,1.9313
2242,341.68080000000003,70.5196,1.8115,1.8018,2.0519,1.9261
2243,341.83320000000003,70.1479,1.8193,1.7402,2.0999,1.9371
2244,341.98560000000003,70.3919,1.8369,1.6924,2.1293,1.9576
2245,342.13800000000003,69.1907,1.8564,1.6934,2.1464,1.9899
2246,342.29040000000003,68.7205,1.8506,1.7568,2.1126,2.0109
2247,342.44280000000003,64.8195,1.8545,1.8672,2.0735,1.9902
2248,342.59520000000003,66.3654,1.8574,1.9893,2.0643,2.0145
2249,342.74760000000003,65.733,1.8818,2.0723,2.04,2.0293
2250,342.90000000000003,67.29,1.8896,2.0938,1.9991,2.0323
2251,343.05240000000003,67.5679,1.915,2.0664,2.013,2.0388
2252,343.20480000000003,68.274,1.9463,2.0273,2.0578,2.0595
2253,343.35720000000003,70.6286,1.9463,1.9893,2.1393,2.0429
2254,343.50960000000003,73.6366,1.9336,1.9512,2.1378,2.0584
2255,343.66200000000003,75.7951,1.9121,1.9092,2.141,1.9883
2256,343.81440000000003,76.3854,1.9082,1.8623,2.0956,2.0199
2257,343.96680000000003,71.4843,1.9053,1.8145,2.0981,2.0273
2258,344.11920000000003,66.8617,1.8896,1.7744,2.1083,2.0323
2259,344.27160000000003,63.3695,1.8594,1.7568,2.1639,2.0848
2260,344.42400000000004,63.1132,1.8467,1.7695,2.1239,2.0612
2261,344.57640000000004,63.7082,1.8447,1.8174,2.0661,2.0303
2262,344.72880000000004,63.0895,1.8398,1.9004,2.0546,2.0368
2263,344.88120000000004,64.7478,1.8369,2.0,2.0534,2.0671
2264,345.03360000000004,73.1548,1.8359,2.0762,2.105,2.1075
2265,345.18600000000004,81.2952,1.8506,2.082,2.0185,2.0988
2266,345.33840000000004,85.4316,1.9111,2.0195,1.9443,2.03
2267,345.49080000000004,83.0298,1.9141,1.9307,1.8742,1.9433
2268,345.64320000000004,80.7789,1.9131,1.8643,1.9218,1.9303
2269,345.79560000000004,82.8292,1.9131,1.8359,1.9617,1.9601
2270,345.94800000000004,83.7987,1.8691,1.833,2.0328,1.9954
2271,346.10040000000004,83.7388,1.8418,1.832,2.0286,2.0539
2272,346.25280000000004,75.5772,1.8389,1.834,2.1082,2.0344
2273,346.40520000000004,70.8137,1.8369,1.8555,2.0092,2.0364
2274,346.55760000000004,67.0321,1.8408,1.9092,1.9806,2.0202
2275,346.71000000000004,70.7463,1.8779,1.9873,1.8707,2.033
2276,346.86240000000004,70.6019,1.8418,2.0449,1.9356,2.0456
2277,347.01480000000004,77.8135,1.8408,2.0254,1.9394,2.0563
2278,347.16720000000004,81.5646,1.8291,1.9189,1.8626,2.0895
2279,347.31960000000004,84.1797,1.875,1.7881,1.8414,2.0598
2280,347.47200000000004,80.7244,1.8877,1.6953,1.8229,2.048
2281,347.62440000000004,80.0752,1.9189,1.6748,1.9374,2.0525
2282,347.77680000000004,81.3317,1.9375,1.7314,2.0401,2.0259
2283,347.92920000000004,78.6071,1.916,1.834,2.1324,2.0532
2284,348.08160000000004,74.059,1.8838,1.9297,2.1135,2.0598
2285,348.23400000000004,71.5656,1.8828,1.9707,2.0316,2.0296
2286,348.38640000000004,72.3214,1.8857,1.9551,2.0003,2.0443
2287,348.53880000000004,71.3484,1.9248,1.9277,1.9695,2.0515
2288,348.69120000000004,68.5955,1.9492,1.9287,2.0167,2.0381
2289,348.84360000000004,66.2896,1.9385,1.96,2.0276,2.0595
2290,348.99600000000004,66.9982,1.9336,1.9893,2.1172,2.0033
2291,349.14840000000004,70.471,1.9258,1.9775,2.0852,1.9912
2292,349.30080000000004,71.8462,1.8711,1.9141,2.0971,1.9636
2293,349.45320000000004,72.4409,1.8906,1.8311,2.061,1.9206
2294,349.60560000000004,71.0167,1.8867,1.7725,2.0654,1.9242
2295,349.75800000000004,71.811,1.8838,1.7598,2.0543,1.8737
2296,349.91040000000004,73.2312,1.8789,1.7881,2.0394,1.8768
2297,350.06280000000004,72.2194,1.8633,1.8418,2.0601,1.9
2298,350.21520000000004,71.3893,1.8418,1.8936,2.0692,1.9182
2299,350.36760000000004,68.2759,1.8428,1.9199,2.106,1.9738
2300,350.52000000000004,67.5989,1.8535,1.917,2.1282,1.9909
2301,350.67240000000004,66.3521,1.9082,1.9033,2.1413,1.9964
2302,350.82480000000004,66.4848,1.9551,1.8984,2.1528,1.9977
2303,350.97720000000004,65.6241,1.9658,1.9199,2.1544,1.9954
2304,351.12960000000004,64.2591,1.9717,1.9648,2.1577,2.001
2305,351.28200000000004,63.0433,1.9766,2.0137,2.1541,2.0125
2306,351.43440000000004,64.3099,1.9629,2.0352,2.1404,2.0236
2307,351.58680000000004,66.8196,2.0059,2.0215,2.1311,2.0099
2308,351.73920000000004,70.7724,2.0156,1.9893,2.1049,1.9754
2309,351.89160000000004,71.935,2.0176,1.9668,2.0978,1.9313
2310,352.04400000000004,72.5167,2.0195,1.9707,2.088,1.9436
2311,352.19640000000004,73.6556,2.0137,1.998,2.0958,1.9636
2312,352.34880000000004,77.6361,1.9873,2.0254,2.074,2.0003
2313,352.50120000000004,77.8892,1.9551,2.0176,2.0861,2.0374
2314,352.65360000000004,75.136,1.9541,1.9639,2.0997,2.0226
2315,352.80600000000004,71.806,1.9512,1.8848,2.1237,2.0219
2316,352.95840000000004,68.8263,1.9414,1.8184,2.0739,1.9954
2317,353.11080000000004,68.5067,1.9336,1.7861,2.0479,1.9828
2318,353.26320000000004,67.7406,1.8828,1.7822,2.0122,1.9873
2319,353.41560000000004,66.2339,1.8447,1.7773,2.0279,1.9783
2320,353.56800000000004,63.459,1.8076,1.752,1.9487,1.9799
2321,353.72040000000004,60.1015,1.7793,1.7148,1.8512,2.0013
2322,353.87280000000004,61.0931,1.7695,1.6914,1.7356,1.9847
2323,354.02520000000004,62.0136,1.7656,1.6973,1.7319,1.9699
2324,354.17760000000004,62.6828,1.7441,1.7266,1.8344,1.9738
2325,354.33000000000004,61.6055,1.7285,1.7617,1.9356,1.9687
2326,354.48240000000004,63.1215,1.7266,1.7822,2.0035,1.9773
2327,354.63480000000004,60.6809,1.7285,1.7842,1.9864,1.9928
2328,354.78720000000004,63.092,1.7578,1.7793,1.9835,1.9824
2329,354.93960000000004,62.5988,1.7568,1.7793,2.0008,1.9757
2330,355.09200000000004,65.9668,1.7598,1.79,2.0614,1.9604
2331,355.24440000000004,66.4891,1.7627,1.8066,2.1108,1.9557
2332,355.39680000000004,67.5202,1.7559,1.8223,2.1122,1.9448
2333,355.54920000000004,68.5027,1.7559,1.832,2.0956,1.9589
2334,355.70160000000004,69.7624,1.7666,1.8379,2.1127,1.968
2335,355.85400000000004,72.1729,1.7881,1.8506,2.14,1.9984
2336,356.00640000000004,75.6814,1.7979,1.877,2.1888,2.0351
2337,356.15880000000004,76.0722,1.8018,1.9102,2.2119,2.0699
2338,356.31120000000004,77.5577,1.8037,1.9365,2.2173,2.0802
2339,356.46360000000004,78.3404,1.8066,1.9404,2.1996,2.0714
2340,356.61600000000004,80.4957,1.8105,1.9209,2.1874,2.0525
2341,356.76840000000004,78.3864,1.8115,1.8887,2.1598,2.0129
2342,356.92080000000004,76.3853,1.8154,1.8564,2.1175,1.9948
2343,357.07320000000004,74.7408,1.8193,1.8369,2.1004,1.9883
2344,357.22560000000004,72.4403,1.8223,1.832,2.1157,1.9938
2345,357.37800000000004,70.1499,1.8232,1.8389,2.1391,2.001
2346,357.53040000000004,69.4326,1.8105,1.8506,2.1472,2.0246
2347,357.68280000000004,70.7261,1.8135,1.8604,2.1817,2.0419
2348,357.83520000000004,69.6524,1.8027,1.8652,2.2146,2.0721
2349,357.98760000000004,68.4268,1.8096,1.8682,2.2172,2.0546
2350,358.14000000000004,67.8607,1.8115,1.8701,2.1357,2.0532
2351,358.29240000000004,71.914,1.8115,1.8672,2.0928,2.0626
2352,358.44480000000004,73.8547,1.8115,1.8594,2.0948,2.0344
2353,358.59720000000004,72.6077,1.834,1.8506,2.1243,2.0612
2354,358.74960000000004,72.0485,1.8291,1.8496,2.1472,2.0536
2355,358.90200000000004,70.1819,1.8193,1.8564,2.1596,2.0536
2356,359.05440000000004,71.8004,1.8066,1.8613,2.1683,2.0619
2357,359.20680000000004,73.5722,1.7959,1.8535,2.1324,2.0788
2358,359.35920000000004,72.5142,1.7852,1.8281,2.0681,2.0612
2359,359.51160000000004,74.6102,1.793,1.8008,2.0772,2.0313
2360,359.66400000000004,72.2869,1.7959,1.792,2.1106,2.003
2361,359.81640000000004,74.1499,1.7949,1.8066,2.1823,1.9763
2362,359.96880000000004,73.2604,1.7881,1.832,2.1633,1.9783
2363,360.12120000000004,75.2047,1.7422,1.8516,2.1427,1.9821
2364,360.27360000000004,72.9522,1.7393,1.8438,2.0968,1.9735
2365,360.42600000000004,72.7907,1.7461,1.7979,2.0091,1.968
2366,360.57840000000004,69.6546,1.7578,1.7314,1.9689,1.9712
2367,360.73080000000004,69.9118,1.7627,1.6719,1.9511,1.9863
2368,360.88320000000004,68.699,1.7686,1.6436,1.9936,1.9738
2369,361.03560000000004,68.1278,1.7744,1.6553,2.0447,1.9719
2370,361.18800000000005,69.7293,1.7744,1.6973,2.1151,1.9948
2371,361.34040000000005,70.5073,1.7451,1.7422,2.1279,1.9747
2372,361.49280000000005,71.8542,1.7285,1.7637,2.0627,1.9954
2373,361.64520000000005,71.2343,1.7275,1.752,2.0212,2.0125
2374,361.79760000000005,70.4495,1.7129,1.7148,1.9919,1.9909
2375,361.95000000000005,69.4552,1.7119,1.668,1.9533,1.9802
2376,362.10240000000005,67.6744,1.7178,1.6318,1.9069,1.9866
2377,362.25480000000005,64.5547,1.7139,1.625,1.8916,1.9658
2378,362.40720000000005,63.9199,1.7139,1.6572,1.9123,1.9684
2379,362.55960000000005,63.0481,1.7188,1.7236,1.9455,1.9837
2380,362.71200000000005,64.1317,1.7197,1.8057,1.9691,1.9984
2381,362.86440000000005,63.1905,1.7295,1.8682,2.0041,2.0102
2382,363.01680000000005,64.3969,1.752,1.8906,2.0613,2.046
2383,363.16920000000005,66.2997,1.7852,1.8838,2.0834,2.0222
2384,363.32160000000005,67.5919,1.8145,1.8721,2.0985,2.0142
2385,363.47400000000005,69.3599,1.8291,1.8721,2.1211,2.0351
2386,363.62640000000005,69.5849,1.8516,1.8848,2.15,2.0279
2387,363.77880000000005,68.7319,1.8457,1.8955,2.1673,2.0405
2388,363.93120000000005,68.0884,1.8389,1.8799,2.1705,2.0179
2389,364.08360000000005,69.5801,1.8252,1.833,2.0949,2.0109
2390,364.236,72.6695,1.8193,1.7695,2.0683,2.0119
2391,364.3884,74.9402,1.8115,1.7207,2.0434,2.032
2392,364.5408,73.9133,1.8154,1.7119,2.0907,2.0508
2393,364.6932,71.6183,1.7969,1.7471,2.1136,2.0242
2394,364.8456,72.0489,1.7832,1.8027,2.1362,2.0361
2395,364.998,71.4251,1.7754,1.8438,2.1791,2.0536
2396,365.1504,73.1719,1.7715,1.8467,2.1931,2.0086
2397,365.3028,71.438,1.7656,1.8145,2.1606,2.0046
2398,365.4552,72.7158,1.7422,1.7598,2.1194,2.0142
2399,365.6076,73.9749,1.7344,1.7002,1.9303,2.0246
2400,365.76,72.768,1.7256,1.6455,1.828,2.0202
2401,365.9124,72.5648,1.7354,1.6035,1.7065,1.9931
2402,366.0648,69.5343,1.7441,1.5859,1.6272,1.9598
2403,366.2172,65.2945,1.7725,1.6104,1.6031,1.9236
2404,366.3696,59.2422,1.8174,1.6953,1.6788,1.9146
2405,366.522,54.5636,1.8809,1.8516,1.8443,1.9507
2406,366.6744,57.4585,1.9189,2.0801,2.0526,1.9853
2407,366.8268,66.4393,1.9814,2.3398,2.1552,2.0622
2408,366.9792,76.7371,2.0625,2.5352,2.2628,2.13
2409,367.1316,83.6363,2.291,2.6016,2.3183,2.1208
2410,367.284,82.6835,2.3848,2.5781,2.3444,2.284
2411,367.4364,81.5158,2.4297,2.5391,2.3429,2.3223
2412,367.5888,81.3516,2.5078,2.5215,2.2949,2.2986
2413,367.7412,81.4449,2.5215,2.5313,2.2502,2.2685
2414,367.8936,82.3081,2.5273,2.5566,2.2456,2.2912
2415,368.046,84.189,2.5176,2.5781,2.2529,2.2636
2416,368.1984,87.2265,2.5,2.5859,2.2653,2.2216
2417,368.3508,90.3549,2.4492,2.5781,2.2722,2.2478
2418,368.5032,92.7567,2.4141,2.5332,2.2801,2.2183
2419,368.6556,94.5282,2.3477,2.4336,2.2745,2.2594
2420,368.808,95.3895,2.2383,2.2852,2.2435,2.2326
2421,368.9604,93.1482,2.207,2.1113,2.2292,2.1749
2422,369.1128,90.0668,2.1758,1.96,2.208,2.0701
2423,369.2652,85.9963,2.0684,1.8643,2.1417,2.0505
2424,369.4176,80.2251,2.0176,1.835,2.0298,2.0279
2425,369.57,72.7652,1.9707,1.8525,2.0047,2.0046
2426,369.7224,66.9589,1.9297,1.8809,1.9638,2.0536
2427,369.8748,63.3925,1.9111,1.8799,1.9081,2.0678
2428,370.0272,64.1552,1.9229,1.8545,1.8204,2.0802
2429,370.1796,63.1949,1.9385,1.8545,1.7688,2.1408
2430,370.332,63.7955,1.957,1.9111,1.7826,2.1226
2431,370.4844,66.0009,1.958,2.0098,1.8407,2.0981
2432,370.6368,69.8778,1.958,2.0938,1.8727,2.093
2433,370.7892,71.8392,1.9648,2.0977,1.9047,2.0109
2434,370.9416,71.4623,1.9717,2.0293,1.9325,2.003
2435,371.094,67.6724,2.0137,1.958,1.987,2.0276
2436,371.2464,68.2588,2.0762,1.9453,2.0377,2.0418
2437,371.3988,68.3964,2.0469,1.9941,2.0578,2.1144
2438,371.5512,72.3622,2.0137,2.0605,2.0833,2.0942
2439,371.7036,74.6503,1.998,2.084,2.0529,2.0901
2440,371.856,78.0464,1.9805,2.0273,1.9302,2.056
2441,372.0084,76.2388,2.002,1.9268,1.8308,2.0605
2442,372.1608,73.0286,2.002,1.8525,1.8274,2.0463
2443,372.3132,68.3125,1.9863,1.8535,1.8715,2.0416
2444,372.4656,65.1719,1.9473,1.9268,1.949,2.0602
2445,372.618,65.0164,1.9346,2.0273,1.9696,2.0777
2446,372.7704,66.3663,1.9375,2.0898,2.0273,2.1156
2447,372.9228,69.7853,1.9961,2.0859,2.0785,2.1518
2448,373.0752,69.7732,2.0215,2.0605,2.1161,2.1537
2449,373.2276,67.4944,2.0605,2.0801,2.0715,2.1263
2450,373.38,67.7522,2.0957,2.1699,2.0342,2.1548
2451,373.5324,68.6192,2.0703,2.2813,2.0325,2.1304
2452,373.6848,72.4495,2.0371,2.3242,2.0926,2.1579
2453,373.8372,71.45,2.0273,2.248,2.1262,2.1189
2454,373.9896,69.014,2.041,2.1074,1.9844,2.0963
2455,374.142,63.592,2.0684,1.9844,1.9712,2.0364
2456,374.2944,62.2555,2.0742,1.9336,1.9443,1.9922
2457,374.4468,62.6935,2.0449,1.9609,2.0186,1.9598
2458,374.5992,64.0195,2.002,2.0293,1.9975,1.947
2459,374.7516,64.3563,1.999,2.0723,2.012,1.9374
2460,374.904,65.47,1.9521,2.0352,1.9449,1.9405
2461,375.0564,67.0711,1.9307,1.9229,1.852,1.9614
2462,375.2088,66.2149,1.9688,1.8027,1.8403,2.001
2463,375.3612,64.5105,2.0156,1.7471,1.9009,2.0432
2464,375.5136,64.0277,1.998,1.7871,1.9209,2.0122
2465,375.666,69.0182,1.9854,1.9092,1.9241,1.969
2466,375.8184,70.3688,1.9609,2.043,1.887,1.9334
2467,375.9708,71.6661,1.8672,2.0684,1.8984,1.9306
2468,376.1232,68.634,1.8359,1.9385,1.9345,1.9671
2469,376.2756,66.3715,1.832,1.7451,1.9094,2.0619
2470,376.428,63.6264,1.8428,1.5938,1.7744,2.0675
2471,376.5804,59.8798,1.8652,1.5234,1.5431,2.032
2472,376.7328,60.9772,1.8672,1.5361,1.4284,2.0
2473,376.8852,60.9173,1.8662,1.6279,1.5089,1.998
2474,377.0376,59.6636,1.8525,1.7822,1.7047,2.0216
2475,377.19,59.802,1.8193,1.9619,2.0146,2.0692
2476,377.3424,59.5525,1.8213,2.0918,2.0405,2.0927
2477,377.4948,64.1048,1.8652,2.1016,2.0354,2.0959
2478,377.6472,65.6293,1.8936,1.9922,2.0601,2.0813
2479,377.7996,67.548,1.9258,1.8516,2.0821,2.0515
2480,377.952,67.1172,1.9424,1.7627,1.9941,2.0525
2481,378.1044,66.2909,1.959,1.7686,1.9174,2.0536
2482,378.2568,67.7193,1.9727,1.874,1.8571,2.0643
2483,378.4092,66.5,1.9609,2.0332,1.8481,2.0707
2484,378.5616,67.4421,1.9668,2.1543,1.799,2.1408
2485,378.714,68.1744,1.9824,2.1484,1.8493,2.1203
2486,378.8664,69.3274,1.9902,2.0508,1.8573,2.1613
2487,379.0188,68.2955,2.002,1.958,1.8858,2.124
2488,379.1712,66.7537,2.043,1.9199,1.8375,2.1017
2489,379.3236,67.3287,2.0273,1.9287,1.8902,2.1046
2490,379.476,68.2197,1.9893,1.9453,1.9146,2.0795
2491,379.6284,68.2555,1.9873,1.9316,1.9912,2.0714
2492,379.7808,69.2488,1.9844,1.8848,2.0224,2.1017
2493,379.9332,69.2018,2.0078,1.8447,2.0149,2.071
2494,380.0856,68.4372,2.0137,1.8613,2.0285,2.0902
2495,380.238,63.3461,2.0293,1.959,1.9645,2.1713
2496,380.3904,60.0334,2.0117,2.1328,2.0178,2.1185
2497,380.5428,63.8139,2.0,2.3301,2.0443,2.1074
2498,380.6952,69.3013,2.0137,2.4355,2.0157,2.1876
2499,380.8476,72.3299,2.0449,2.3633,1.9979,2.2208
2500,381.0,72.4735,2.0645,2.1777,1.9191,2.1779
2501,381.1524,74.2227,2.0879,1.9961,1.8729,2.1803
2502,381.3048,76.1199,2.0781,1.8877,1.6839,2.1315
2503,381.4572,75.318,2.0664,1.8691,1.6054,2.124
2504,381.6096,72.9925,2.0664,1.9238,1.5825,2.1159
2505,381.762,73.4323,2.0156,2.0059,1.6889,2.1068
2506,381.9144,70.836,1.9941,2.0703,1.7901,2.1104
2507,382.0668,69.5794,1.9922,2.0898,1.8595,2.1039
2508,382.2192,69.9279,1.9863,2.0645,1.8937,2.1046
2509,382.3716,71.7003,1.9814,2.0195,1.9809,2.1215
2510,382.524,72.1023,1.9756,1.9824,1.9468,2.1333
2511,382.6764,71.0243,1.9434,1.9639,1.9168,2.1035
2512,382.8288,73.0107,1.8955,1.9541,1.8846,2.1207
2513,382.9812,75.6246,1.8711,1.9326,1.9416,2.1072
2514,383.1336,78.109,1.8457,1.8877,1.9763,2.0859
2515,383.286,75.9625,1.8379,1.8262,1.8872,1.9938
2516,383.4384,75.4608,1.834,1.7686,1.7831,1.9564
2517,383.5908,73.9792,1.8223,1.7295,1.7672,1.9554
2518,383.7432,74.7298,1.7813,1.7051,1.8586,1.9197
2519,383.8956,74.2806,1.7686,1.6895,1.9076,1.9182
2520,384.048,74.4501,1.7686,1.6768,1.9258,1.956
2521,384.2004,74.5503,1.7695,1.6709,1.7208,2.0155
2522,384.3528,74.7477,1.7754,1.6777,1.7039,2.0532
2523,384.5052,71.9115,1.793,1.6982,1.6936,2.0974
2524,384.6576,70.8426,1.7959,1.7246,1.7993,2.0945
2525,384.81,70.5235,1.7939,1.748,1.8008,2.0622
2526,384.9624,70.9901,1.7979,1.7646,1.8209,2.0588
2527,385.1148,68.8946,1.8125,1.7783,1.8414,2.033
2528,385.2672,66.1387,1.8193,1.7959,1.8749,2.0395
2529,385.4196,64.0034,1.833,1.8213,1.8646,2.0432
2530,385.572,63.4203,1.8408,1.8428,1.8867,2.0327
2531,385.7244,64.9817,1.8379,1.8447,1.8941,2.0327
2532,385.8768,67.0958,1.8457,1.8193,1.9493,2.0501
2533,386.0292,69.8345,1.8516,1.7773,1.9474,2.0432
2534,386.1816,70.2842,1.8564,1.7422,1.9741,2.0232
2535,386.334,71.0791,1.8662,1.7354,1.9588,2.0195
2536,386.4864,70.9246,1.8467,1.7598,1.9631,2.0385
2537,386.6388,71.2557,1.835,1.7959,1.9683,2.046
2538,386.7912,69.9283,1.7871,1.8125,1.9649,2.064
2539,386.9436,68.8087,1.7764,1.7861,1.83,2.0484
2540,387.096,67.901,1.7627,1.7305,1.7736,2.0192
2541,387.2484,66.9501,1.7773,1.6846,1.7816,1.9938
2542,387.4008,65.5625,1.7861,1.6846,1.8226,1.9744
2543,387.5532,63.3978,1.7959,1.7441,1.8302,1.9847
2544,387.7056,64.1364,1.8301,1.8594,1.815,1.9747
2545,387.858,66.0192,1.8574,2.0098,1.8304,1.9818
2546,388.0104,69.1719,1.877,2.1504,1.909,1.9931
2547,388.1628,73.0274,1.9063,2.2305,1.9777,2.0402
2548,388.3152,77.5779,1.9453,2.2266,2.0832,2.0689
2549,388.4676,80.5065,2.0313,2.166,2.0937,2.0945
2550,388.62,81.7485,2.084,2.0957,2.1521,2.1218
2551,388.7724,81.7742,2.0938,2.0527,2.1461,2.1086
2552,388.9248,81.026,2.123,2.0469,2.1264,2.1211
2553,389.0772,83.1882,2.1074,2.0625,2.0796,2.1244
2554,389.2296,84.1531,2.0957,2.0781,2.0723,2.1629
2555,389.382,87.1062,2.0332,2.0781,2.061,2.1783
2556,389.5344,85.6849,2.0156,2.0586,2.0799,2.1972
2557,389.6868,82.275,2.0078,2.0293,2.0116,2.2027
2558,389.8392,81.2896,2.002,2.0117,1.9436,2.1207
2559,389.9916,78.8704,1.9854,2.0273,1.845,2.1079
2560,390.144,79.8807,1.9805,2.0762,1.7885,2.082
2561,390.2964,75.8392,1.958,2.1367,1.7533,2.0598
2562,390.4488,74.7279,1.9453,2.166,1.7536,2.0738
2563,390.6012,75.0516,1.9404,2.127,1.8047,2.0685
2564,390.7536,77.5568,1.9658,2.041,1.864,2.0388
2565,390.906,78.8594,1.9844,1.9707,1.9017,2.0574
2566,391.0584,79.4774,1.9873,1.9492,1.8537,2.0515
2567,391.2108,79.5252,1.9873,1.9688,1.9046,2.0584
2568,391.3632,81.8492,1.9736,1.9912,1.9894,2.0546
2569,391.5156,81.881,1.9268,1.9805,2.1046,2.0546
2570,391.668,80.8026,1.9229,1.9414,2.0726,2.0525
2571,391.8204,80.744,1.9199,1.916,1.9742,2.0432
2572,391.9728,81.9001,1.9277,1.9395,1.9771,2.029
2573,392.1252,83.8358,1.9229,2.0039,1.9776,2.0303
2574,392.2776,84.3028,1.9209,2.0605,2.0205,2.0378
2575,392.43,82.7623,1.9102,2.0605,2.0621,2.0236
2576,392.5824,83.9484,1.9102,2.002,2.0704,2.0494
2577,392.7348,84.0156,1.9189,1.9326,2.052,2.0612
2578,392.8872,87.7737,1.9346,1.8965,2.0484,2.0738
2579,393.0396,88.2802,1.959,1.9092,2.0774,2.0827
2580,393.192,87.8499,1.9619,1.959,2.0521,2.0577
2581,393.3444,86.3086,1.958,2.0195,2.0416,2.0378
2582,393.4968,83.4876,1.9756,2.0684,2.0364,2.0132
2583,393.6492,83.5617,1.9814,2.0957,2.069,2.0149
2584,393.8016,85.0863,1.9854,2.0957,2.0718,2.071
2585,393.954,84.6365,1.9961,2.0723,2.0737,2.0902
2586,394.1064,85.725,2.002,2.0313,2.0841,2.1057
2587,394.2588,82.7872,2.0039,1.9922,2.0712,2.0777
2588,394.4112,86.4489,2.0078,1.9668,2.0539,2.0422
2589,394.5636,85.7885,2.0098,1.957,2.0563,2.0232
2590,394.716,86.4331,2.0098,1.959,2.0454,2.0491
2591,394.8684,84.8478,2.0039,1.9658,2.0767,2.0605
2592,395.0208,87.2679,1.9824,1.9678,2.069,2.0809
2593,395.1732,87.3579,1.9609,1.957,2.0986,2.0877
2594,395.3256,90.2079,1.918,1.9287,2.0814,2.0689
2595,395.478,91.7294,1.8994,1.8838,2.1175,2.0419
2596,395.6304,95.232,1.8564,1.8281,2.0714,2.0344
2597,395.7828,96.6933,1.8564,1.7764,1.987,2.045
2598,395.9352,95.3429,1.8594,1.7441,1.8858,2.0487
2599,396.0876,93.245,1.8574,1.7441,1.8127,2.0276
2600,396.24,92.8394,1.8545,1.7822,1.7976,1.9808
2601,396.3924,92.7529,1.8506,1.8506,1.8231,1.9715
2602,396.5448,96.0256,1.8564,1.9189,1.8586,1.9789
2603,396.6972,96.0035,1.8672,1.9502,1.8351,2.0053
2604,396.8496,96.7027,1.8975,1.9326,1.8038,2.0378
2605,397.002,94.0627,1.9053,1.8848,1.7717,2.0487
2606,397.1544,90.186,1.917,1.8408,1.8246,2.0577
2607,397.3068,88.761,1.916,1.8184,1.8715,2.0498
2608,397.4592,87.0711,1.8867,1.8174,1.9285,2.0609
2609,397.6116,88.3765,1.8809,1.8252,1.837,2.048
2610,397.764,88.4852,1.8779,1.8311,1.716,2.0374
2611,397.9164,89.7157,1.8779,1.8369,1.5885,2.0242
2612,398.0688,91.7344,1.8857,1.8516,1.5491,1.9993
